0
1
90
10
0.227500
0.200000
0.280971582513 0.038513720501
0.471811118536 0.698403580114
0.154070155229 0.595733781345
0.707343620248 0.513568004593
0.725868433714 0.891640465707
0.354851623531 0.184828297235
0.688332534395 0.199035769328
0.197346856352 0.543135818094
0.130940008443 0.712288320996
0.469662830234 0.535786782857
0 37 0.111278242951  43 0.109397119801  62 0.175054543591  67 0.047463919954  70 0.093466533165  83 0.164535205316  -1 0
1 3 0.225771708283  9 0.207435277651  10 0.207887375874  23 0.099986319387  25 0.125727573006  26 0.056348970588  29 0.187730009560  32 0.145435061071  36 0.184481225184  46 0.058674942643  48 0.150420578262  50 0.177951006557  59 0.173940684112  71 0.080351014627  72 0.085489728000  78 0.129594462672  -1 0
2 3 0.164115090359  4 0.075390351473  5 0.227332681566  8 0.192235610077  21 0.065906676399  32 0.199783766417  38 0.101478075895  42 0.199690184185  50 0.214699653832  53 0.136358844408  57 0.044021789454  63 0.127667367385  68 0.214244712853  73 0.204937069499  77 0.151562206533  79 0.167741865559  86 0.163087420630  -1 0
3 6 0.040042853714  10 0.198696236102  16 0.194446611719  17 0.205698250820  25 0.199347109732  34 0.187433154036  35 0.226677303519  44 0.065756336531  60 0.190186976460  65 0.212769146132  81 0.183809928221  87 0.091421414665  -1 0
4 1 0.079290932786  10 0.187225657463  15 0.157854038498  28 0.189206092309  33 0.169442155301  35 0.152045734468  36 0.161983647395  41 0.072940762664  59 0.158261690950  66 0.058964328250  80 0.103837608544  -1 0
5 37 0.088751383898  52 0.134076783152  56 0.131601947987  62 0.181272585776  67 0.116603668714  69 0.205573836183  70 0.079358994371  76 0.065364361937  83 0.122343121801  -1 0
6 2 0.134294828476  12 0.227313397313  16 0.211186407539  18 0.039883873468  22 0.107442494888  31 0.125907005551  49 0.171413589664  55 0.196427575879  69 0.134939492211  81 0.195196284231  82 0.219256053100  -1 0
7 3 0.111759795839  4 0.143350712225  5 0.201318121893  11 0.225962714547  21 0.066517571181  32 0.200683676477  38 0.167397185371  40 0.196411492330  50 0.168213190297  53 0.131230168839  57 0.041191733973  63 0.087754698345  68 0.155630498843  73 0.141734105369  77 0.101116579078  79 0.134858057423  -1 0
8 4 0.069760048363  7 0.139092461111  8 0.076594933023  21 0.178471521108  32 0.196054548724  38 0.089356441090  42 0.081061087794  47 0.188476081203  57 0.162588374885  63 0.203619907372  85 0.178653435432  86 0.048075223665  -1 0
9 3 0.160678960633  6 0.218502019439  23 0.212079743862  25 0.190941711139  26 0.118597963951  32 0.215557348224  40 0.110174398404  46 0.177613481707  50 0.106536974963  55 0.214735479237  63 0.193581452763  72 0.136818441760  73 0.151431572901  77 0.171894523142  78 0.062372891668  87 0.151409200469  -1 0
0 12 0.204457589651 14 0.065948963235 16 0.173725401828 17 0.094282200922 34 0.122143941267 49 0.210303777890 60 0.087908631203 61 0.056491756000 65 0.132304929322 81 0.194755738103 89 0.060359969262 -1 0
1 15 0.207328655079 28 0.120461177033 33 0.207009549175 35 0.214919929032 41 0.130066771875 54 0.172330002705 66 0.125140015251 74 0.203587172516 80 0.103113079292 -1 0
2 18 0.110043770904 22 0.077618386095 52 0.177655854576 55 0.062352622024 56 0.159432949461 69 0.131978426967 76 0.217540575013 81 0.224938809729 87 0.213101870999 -1 0
3 21 0.177797617359 23 0.195695342588 26 0.171468505656 32 0.155909681710 40 0.100082742592 50 0.057724134496 57 0.152343722536 63 0.042994507701 68 0.185848953156 72 0.143211587132 73 0.059117221452 77 0.013010282616 78 0.120244423087 79 0.217121494274 -1 0
4 7 0.193685139513 8 0.145036390928 21 0.119419288962 38 0.033241733837 42 0.145211721354 53 0.170607824639 57 0.112447583048 63 0.194228045677 77 0.221255663149 79 0.219325597629 86 0.100697204347 -1 0
5 11 0.026025742452 21 0.161426296677 27 0.043374336315 53 0.097880055854 57 0.187902570942 58 0.053412207998 62 0.226884439459 68 0.128747684437 79 0.067043362355 -1 0
6 10 0.161989202107 25 0.159474344880 34 0.206244980619 35 0.194564655480 44 0.064287653957 46 0.220397157538 60 0.219078067556 81 0.223827593538 87 0.085703087043 -1 0
7 8 0.083735046311 38 0.193175472240 42 0.064545122627 47 0.172305903590 51 0.102786617701 85 0.173558617012 86 0.094193789983 -1 0
8 9 0.226689536033 32 0.203552505857 38 0.158320687401 42 0.022424021122 47 0.127980989486 51 0.183100442905 75 0.198167818912 85 0.122321539895 86 0.057329107449 -1 0
9 23 0.145625079635 29 0.035617024822 30 0.098471026332 32 0.175699902641 36 0.212920500236 47 0.104257679505 48 0.059409385213 59 0.224595652518 71 0.169753729914 72 0.221381887208 75 0.033785246136 84 0.188262776648 85 0.105357599874 88 0.087679149832 -1 0
10 25 0.089036765718 35 0.053753608110 36 0.183389689021 41 0.129890552267 44 0.163228433944 46 0.149223476843 59 0.162225505430 66 0.189265880792 71 0.194407391191 87 0.218994634926 -1 0
11 21 0.182910915695 27 0.018902388759 53 0.115324350970 57 0.210554325516 58 0.049416246142 62 0.224766927293 68 0.151704687606 79 0.092532320644 -1 0
12 13 0.212037514586 14 0.139601375513 16 0.135797356695 17 0.163704862810 31 0.133670021923 39 0.188032224629 45 0.164747816435 49 0.087786751393 60 0.219371680165 61 0.171453857006 65 0.127429080255 81 0.148866590487 82 0.145334680783 89 0.153758813445 -1 0
13 20 0.065192819270 31 0.159927669260 39 0.044556788231 45 0.051062181483 82 0.071969158338 -1 0
14 16 0.140386703763 17 0.084140188442 34 0.169800802875 49 0.159098473694 60 0.115598428728 61 0.058214378853 65 0.098484431299 81 0.163019716812 89 0.021913402555 -1 0
15 29 0.199135818033 33 0.033622629135 36 0.085842773496 41 0.208122252426 48 0.208506659194 59 0.104812766283 66 0.100609970859 71 0.184577283781 80 0.122909674954 84 0.096216123320 88 0.172961053887 -1 0
16 17 0.082896992132 31 0.196327954061 34 0.188015866219 44 0.217446680142 49 0.066486008460 60 0.130188336626 61 0.117760908901 65 0.042651428435 81 0.022646478664 89 0.162230261350 -1 0
17 34 0.120324657307 44 0.202420839726 49 0.133729087198 60 0.056705755012 61 0.038162564732 65 0.047288070491 81 0.102236043342 89 0.102405983949 -1 0
18 22 0.068544056381 31 0.164030786730 49 0.206917359292 55 0.171889996980 69 0.096554449133 81 0.222644167690 -1 0
19 24 0.046897831576 28 0.214634320891 34 0.223791209808 41 0.222190140969 54 0.208409028530 74 0.157002486006 -1 0
20 31 0.135688508736 39 0.045105772607 45 0.072795377228 82 0.086296289685 -1 0
21 27 0.201808444842 38 0.131724600749 53 0.073023936456 57 0.031288851542 58 0.209367028309 63 0.153435461071 68 0.163705474060 73 0.201232585880 77 0.167501466212 79 0.103212255212 86 0.218285613111 -1 0
22 52 0.194168190665 55 0.128370366430 56 0.172680103759 69 0.056070267572 76 0.209243935546 83 0.187698684755 -1 0
23 25 0.225291374297 26 0.099671365652 29 0.142754287506 32 0.057230907265 46 0.156374130369 47 0.179992871624 48 0.107119901542 50 0.170213506051 63 0.180247555988 71 0.129994677481 72 0.076517691748 75 0.158681818952 77 0.192985347880 78 0.155493980880 85 0.168133151574 88 0.219518134320 -1 0
24 34 0.223161991022 74 0.174056392600 -1 0
25 26 0.157134529843 35 0.142001337170 36 0.179185693391 41 0.207199122703 44 0.192846846674 46 0.069867534865 59 0.158696109542 71 0.138659211250 72 0.198411420380 78 0.199619186343 87 0.179759043007 -1 0
26 29 0.222655627886 32 0.123821347198 40 0.189643686995 46 0.102892024365 48 0.184181196815 50 0.121822636828 63 0.179333170944 71 0.135549595399 72 0.042155119666 73 0.201268376992 77 0.175652009347 78 0.075026484273 -1 0
27 53 0.133854079145 58 0.044936993329 62 0.215351089355 68 0.162949253583 79 0.110414461096 -1 0
28 41 0.207600240715 54 0.051996538175 74 0.095426643439 80 0.216151675157 -1 0
29 30 0.112470721931 32 0.182796580248 33 0.215753017341 36 0.177303646956 46 0.216062946164 47 0.139381317049 48 0.038474734958 59 0.189135094830 71 0.140199171774 72 0.214876027407 75 0.069334510616 84 0.165140510483 85 0.139482821310 88 0.076829146102 -1 0
30 47 0.139814949752 48 0.149932458346 75 0.093144924361 84 0.160757273160 85 0.150740760803 88 0.069202476770 -1 0
31 39 0.116971665495 45 0.113152295313 49 0.131321918022 65 0.216265778997 81 0.193140805700 82 0.096254425371 -1 0
32 42 0.225445932945 46 0.204027506649 47 0.176317710827 48 0.152234613125 50 0.146026600445 57 0.222922995561 63 0.132036935269 71 0.186805515976 72 0.085011096853 73 0.211345325986 75 0.178464367043 77 0.150362879021 78 0.153617908825 85 0.162119171072 -1 0
33 36 0.119455628464 41 0.227408244993 59 0.138352360052 66 0.116929993973 71 0.216146125987 80 0.111982870238 84 0.084505602923 88 0.177946873581 -1 0
34 44 0.146043052179 60 0.063705409323 61 0.115988456231 65 0.164696277330 81 0.199539395493 89 0.175358569170 -1 0
35 36 0.195008762520 41 0.084873719424 44 0.178195601604 46 0.197559419143 59 0.176013577324 66 0.169452663969 -1 0
36 41 0.181661020788 46 0.157714666488 48 0.170254428548 59 0.021612351780 66 0.108511014326 71 0.108177693672 80 0.180133018277 84 0.156545006104 88 0.186711478297 -1 0
37 43 0.159865530038 52 0.209074027826 56 0.212109437709 62 0.103352415725 67 0.077095581194 70 0.084315147887 76 0.140965316125 83 0.172105053844 -1 0
38 42 0.153843281642 53 0.170058610270 57 0.132071606992 63 0.225136059691 79 0.224844450110 86 0.106241807290 -1 0
39 45 0.027689620206 82 0.043069668264 -1 0
40 50 0.085906235881 52 0.168325103523 55 0.215216138900 56 0.184833505030 63 0.143054380783 68 0.193912129370 72 0.182659394520 73 0.055197927507 76 0.224626674569 77 0.112883736904 78 0.115135043217 -1 0
41 59 0.169428032102 66 0.110627330270 80 0.176656868815 -1 0
42 47 0.144464769469 51 0.166304946690 75 0.215924925278 85 0.140321225765 86 0.047934982622 -1 0
43 62 0.151207559512 64 0.186009881059 67 0.143311563695 70 0.191007877357 -1 0
44 60 0.169644546855 61 0.223880183435 65 0.223521465788 81 0.213193073745 87 0.147563662162 -1 0
45 49 0.213983103862 82 0.020954878682 -1 0
46 48 0.182720822742 50 0.220977000878 59 0.141902080953 71 0.080011202936 72 0.140101683841 78 0.164004450735 87 0.220061839230 -1 0
47 48 0.149853800184 75 0.072410867706 85 0.014968529432 86 0.184869528175 88 0.174319878855 -1 0
48 59 0.178060258190 71 0.111223310826 72 0.177208541425 75 0.089586772218 84 0.191027100660 85 0.146075906909 88 0.113428324069 -1 0
49 60 0.188103265631 61 0.159906795768 65 0.086480077861 81 0.069671575581 82 0.193037497794 89 0.179877732476 -1 0
50 57 0.208028309111 63 0.087046313084 72 0.102957297236 73 0.080232233486 77 0.067135312514 78 0.062706299854 -1 0
51 86 0.195319391746 -1 0
52 55 0.138238861397 56 0.021687037023 68 0.222114853260 69 0.206933060453 70 0.210838548671 73 0.198501384491 76 0.069630040410 83 0.214163920211 -1 0
53 57 0.103772670668 58 0.150317987185 63 0.218363795540 68 0.153458179453 77 0.226704456137 79 0.062970595709 -1 0
54 74 0.060130260814 -1 0
55 56 0.124966143139 69 0.175301171583 76 0.193157410436 87 0.179109499792 -1 0
56 69 0.185501616876 70 0.205158140217 73 0.217848726755 76 0.071209693664 83 0.200045913205 -1 0
57 63 0.124540609284 68 0.171049368019 73 0.182246045404 77 0.141232050110 79 0.125683084447 86 0.205919119836 -1 0
58 62 0.175865084846 68 0.132631761127 79 0.107863353065 -1 0
59 66 0.109545423158 71 0.102090846932 80 0.188998921458 84 0.178155588947 88 0.204692794883 -1 0
60 61 0.057759902951 65 0.102181275875 81 0.145079885696 89 0.126386059689 -1 0
61 65 0.077381530170 81 0.138441026077 89 0.071581561965 -1 0
62 67 0.163734001047 68 0.213169598252 70 0.185919678916 76 0.213420126825 -1 0
63 68 0.199964391203 72 0.143742533011 73 0.099639160881 77 0.030470989281 78 0.144106125863 79 0.212135391774 -1 0
64 -1 0
65 81 0.065019798677 89 0.120186711406 -1 0
66 71 0.211597242066 80 0.092355485671 84 0.196197364706 -1 0
67 70 0.048422770529 76 0.181665049739 83 0.131617674618 -1 0
68 73 0.155962936010 76 0.220783653931 77 0.186267190069 79 0.093521011093 -1 0
69 70 0.220228096809 76 0.202897318639 83 0.140074754502 -1 0
70 76 0.143987007606 83 0.091347945683 -1 0
71 72 0.155617953734 75 0.200809561351 78 0.209812173389 84 0.220074069596 88 0.192601321496 -1 0
72 73 0.182628233328 77 0.144982906603 78 0.078976329771 -1 0
73 77 0.069738912803 78 0.134033722110 79 0.211539259119 -1 0
74 -1 0
75 84 0.211438052324 85 0.075846462976 88 0.106103011213 -1 0
76 83 0.165107140712 -1 0
77 78 0.128783144773 79 0.211844685881 -1 0
78 87 0.208122893920 -1 0
79 -1 0
80 84 0.193267665490 -1 0
81 89 0.184853131268 -1 0
82 -1 0
83 -1 0
84 88 0.106366490909 -1 0
85 86 0.178333463661 88 0.180617754638 -1 0
86 -1 0
87 -1 0
88 -1 0
89 -1 0
