0.7891652   0.4247585
0.8124614   0.9547848
0.5887630   0.2891524
0.3090997   0.5418857
0.1009995   0.6492801
0.0767031   0.3819711
0.6877939   0.5485142
0.0803747   0.8418640
0.1442480   0.7877183
0.3554320   0.8701164
0.6793588   0.7102836
0.0549447   0.3676913
0.5974644   0.4113833
0.7021371   0.4718727
0.7280175   0.5714738
0.5760462   0.9413516
0.5858379   0.3568795
0.6560704   0.0673294
0.6640835   0.2107765
0.9837339   0.6044727
0.9259778   0.5870432
0.1314852   0.5338176
0.5816581   0.2118599
0.3756816   0.7259061
0.9920765   0.3634258
0.5960225   0.6789369
0.4413973   0.6509672
0.0466282   0.3507167
0.9516629   0.9194455
0.3909761   0.8678387
0.3379453   0.9670223
0.9926316   0.2761422
0.3263845   0.6968343
0.5782925   0.9748991
0.7689145   0.3634258
0.7244132   0.7396017
0.5678773   0.8558984
0.2734193   0.1495354
0.0677583   0.6491010
0.8078069   0.5255675
0.3802146   0.4714640
0.7462734   0.8216119
0.1224312   0.7929016
0.1723287   0.0256901
0.7503570   0.5633048
0.6985543   0.5929447
0.5303271   0.7027191
0.2520397   0.8567117
0.3995534   0.8303322
0.5797317   0.3989410
0.3650656   0.5560240
0.0327330   0.9329429
0.4119224   0.3061523
0.0824783   0.4796806
0.9987877   0.9414202
0.5470171   0.3354679
0.4293837   0.2932904
0.1570799   0.5518150
0.0861920   0.3294085
0.5775051   0.8365490
0.7213670   0.3661704
0.7487890   0.4679132
0.1737529   0.1768909
0.2797521   0.5733063
0.3583385   0.0256901
0.6392032   0.3787136
0.6818183   0.9063512
0.3052316   0.0793093
0.2053228   0.3877098
0.5589899   0.1605761
0.3456296   0.1060070
0.4960440   0.7750133
0.3992974   0.6531239
0.3268283   0.4854894
0.9875994   0.6755937
0.3220384   0.8752457
0.3753672   0.2468896
0.2982862   0.5491201
0.4237806   0.5780383
0.1224264   0.4310037
0.6818062   0.9895286
0.8032924   0.3567882
0.8071552   0.3930395
0.4360974   0.0933572
0.4962338   0.9950873
0.2539333   0.8418634
0.1010943   0.7499773
0.6168767   0.5003917
0.4031012   0.9437050
0.7151767   0.5248965
