0.685276509263 0.922118984163
0.691580299754 0.787798203062
0.527699568775 0.641686192714
0.979831662960 0.140235064551
0.416641467251 0.244594526943
0.126265570056 0.136835717130
0.918746643234 0.360707085114
0.639976312406 0.397458006628
0.474539986346 0.442104647402
0.687626328319 0.910371552687
0.327714028768 0.046165256295
0.153009265661 0.657521971036
0.351309014484 0.152798408642
0.543203380425 0.772546792403
0.583506777883 0.356035853736
0.790400215890 0.268783287145
0.278154837899 0.481980516110
0.056581490673 0.805854406673
0.123666708823 0.036413153633
0.946089471690 0.540308176074
0.281007681042 0.072355041746
0.677143893205 0.199754324276
0.433062126860 0.317120205611
0.597212330904 0.907602113206
0.759224853013 0.284838659223
0.817973665893 0.086938881781
0.331003915984 0.970982931554
0.744460852817 0.682312930468
0.123781340662 0.287664233241
0.454859722871 0.707288118545
0.643700086977 0.245259939227
0.976071405690 0.921854925342
0.727240455337 0.032652896363
0.727709332015 0.850907164160
0.069066050462 0.673798803706
0.391215340234 0.350073731504
0.746153845917 0.068359233905
0.549828055780 0.179215972777
0.385479439516 0.147040386684
0.086818086449 0.144704292994
0.431879045907 0.904791752342
0.231643174775 0.762882961892
0.875774684362 0.976104028057
0.445195892360 0.999556025025
0.263768261299 0.900055615697
0.706844143569 0.907468348742
0.145315554924 0.682915549260
0.829323274083 0.872556010261
0.715568446089 0.557032606099
0.723463174421 0.784634496551
0.230831410270 0.114678514656
0.134708228055 0.976985256188
0.183037748560 0.684536283836
0.156201228965 0.568517188542
0.831576670520 0.243019315414
0.713221481536 0.263455716427
0.147811068222 0.944864656311
0.026338678785 0.023585752584
0.920968684368 0.471534571145
0.023141777609 0.184736946132
0.371590186842 0.729985921178
0.092205294874 0.516905741766
0.412901470438 0.921528568957
0.389461752027 0.128469916526
0.478561175056 0.112924926449
0.913104413077 0.709392585326
0.227603441570 0.047812641133
0.686377841514 0.410641190130
0.732348924968 0.842579070944
0.979158378672 0.563925595488
0.085598386358 0.692379860207
0.827381312381 0.233409454580
0.637244516984 0.853719991166
0.256995207164 0.558213201351
0.325254562311 0.280136984773
0.742950147483 0.696844749618
0.010122905951 0.835155442357
0.213750491384 0.423024376854
0.756684011314 0.603212243877
0.551494293381 0.235245186836
0.716137170326 0.464598706923
0.944637772162 0.943740611896
0.512411348056 0.631015614141
0.354381802492 0.244760273490
0.473594685085 0.333540181164
0.808685868979 0.559193071444
0.025920041837 0.636067181360
0.792602526490 0.663164558820
0.489787172526 0.049597733654
0.221377760172 0.815041735303
