0.378626817372 0.896012432884
0.668961383982 0.531106057339
0.391975477806 0.281340254948
0.936977497672 0.498918726409
0.557004456874 0.949161643158
0.790393945295 0.461981586178
0.818851771258 0.798276959652
0.961428720717 0.815890602855
0.673490179220 0.521977219806
0.188130644155 0.127540912481
0.930015862931 0.631963416006
0.131163848577 0.160943923524
0.017452841162 0.776996826757
0.941063088198 0.180563703618
0.244363019243 0.353786492720
0.966769211787 0.622989835719
0.249798925598 0.821710987949
0.633785618937 0.641774403396
0.103051242896 0.423835832154
0.708284981096 0.660055700214
0.372997475325 0.498678926381
0.122037286399 0.191849246156
0.296955886759 0.083466008303
0.007739848475 0.970446066461
0.605443228026 0.195870492603
0.097986978946 0.535459090957
0.827833909046 0.229150827578
0.696403014939 0.845286750221
0.006147654265 0.637466102840
0.025850456211 0.250510673508
0.991252595070 0.992619667935
0.873500510131 0.241051521131
0.814330655602 0.507286129502
0.882825925203 0.917381898837
0.931121961677 0.591110905944
0.577437599191 0.304119437007
0.089789832480 0.699474885592
0.495968683157 0.386745719705
0.782940893883 0.503708531707
0.357191786170 0.388384122399
0.699579024618 0.455178765176
0.923843213361 0.527412933761
