0.758560686838 0.742773870472
0.451312778518 0.414579308126
0.778416124173 0.707058194093
0.094285768922 0.339805957861
0.642172558233 0.968014284503
0.639583695214 0.843907971401
0.173502166755 0.455493668094
0.068995042704 0.853704550304
0.184568622150 0.707067384850
0.881002778653 0.072522680741
0.484056171030 0.176355980337
0.019867610186 0.042776606046
0.558941722848 0.661840375513
0.786794757936 0.072625888046
0.212479558773 0.389190118294
0.007585402578 0.971040246077
0.131963988766 0.458898181096
0.385619554203 0.910380112939
0.165956375655 0.479905323591
0.250186070800 0.808128933888
0.447919608094 0.889769766014
0.652036905289 0.621421774849
0.345263434108 0.721031947993
0.475126325153 0.529832056258
0.428099332843 0.356129104272
0.602354737464 0.912155503873
0.532485084608 0.622222347651
0.954932109918 0.091426807456
0.284062723164 0.741726867855
0.164052695502 0.496542282403
0.130916986149 0.171638098545
0.467582528479 0.262880974915
0.630536279641 0.853202082682
0.173261087853 0.796492655296
0.333107406273 0.423447159119
0.604621589184 0.781027014833
0.313216925133 0.256658494473
0.402448789682 0.658480359707
0.977690442465 0.877575115301
0.188312415965 0.405789775774
0.233704219572 0.790667153429
0.317945279647 0.766189304180
