0.000000
1.000000
90
10
0.227500
0.000000
0.611208427697 0.509272309486
0.819303327240 0.673911104910
0.602625595871 0.628195329104
0.989572210703 0.520096343942
0.887751716655 0.278770924546
0.664297811221 0.643449740950
0.737454266287 0.975543702487
0.610040023457 0.542578745633
0.523197785486 0.666612335015
0.550713841803 0.850628484040
0 3 0.085456788784  7 0.122851002139  8 0.139638840041  19 0.104740971218  23 0.207175554141  24 0.122382805497  28 0.065689826761  36 0.151846861504  40 0.207591046024  41 0.189010316520  44 0.151298708520  50 0.018404921217  55 0.069754777207  60 0.072526685145  66 0.146003459485  68 0.115319984604  70 0.116652515949  81 0.116111072269  87 0.210984432832  -1 0
1 3 0.190968514196  8 0.226335614760  9 0.214662089992  10 0.142506286503  15 0.110761500053  25 0.051623453045  41 0.212061169484  47 0.148608448777  57 0.162158991804  61 0.142958320791  68 0.221919288935  69 0.117752830076  74 0.155677502884  -1 0
2 3 0.134552587402  8 0.021330584482  12 0.117285003482  19 0.223911407813  24 0.227274831181  25 0.211034144774  28 0.152941163440  44 0.039467799311  50 0.135658310081  55 0.178075781384  60 0.049745112824  66 0.029832294657  68 0.003913506560  70 0.184177507493  81 0.014787227688  -1 0
3 9 0.082825909887  10 0.087006034098  15 0.155526110323  25 0.203664757980  41 0.203131121809  57 0.076929082568  69 0.111717760804  -1 0
4 9 0.205387704828  41 0.206734236540  87 0.154127779793  -1 0
5 3 0.117693951979  8 0.069972863315  12 0.142453128596  24 0.224730953317  25 0.150736071082  28 0.150386107218  41 0.222300531203  44 0.090467931201  50 0.155718739527  55 0.212468533749  60 0.095962692958  66 0.078654786550  68 0.064218950304  81 0.078254034994  -1 0
6 6 0.056504603014  31 0.019383856807  47 0.173969363075  48 0.153706895436  52 0.186119227075  61 0.194231408633  72 0.103086009385  78 0.085970194192  82 0.191134022824  -1 0
7 3 0.085159268420  7 0.154501307674  8 0.106470265300  12 0.200613448088  19 0.137978508974  24 0.148893264987  25 0.218712326489  28 0.081420537796  36 0.171124282207  41 0.200814141994  44 0.118893924476  50 0.050024653247  55 0.098060252150  60 0.040676529057  66 0.113079199331  68 0.082023711154  70 0.129236407959  81 0.083378330757  -1 0
8 3 0.219114817299  8 0.073683684865  12 0.076382716295  14 0.151187359346  44 0.052582136045  50 0.198653453865  55 0.218445529363  60 0.111568626706  62 0.146594381862  66 0.064469176641  68 0.090326239247  70 0.192495928366  81 0.078602690946  -1 0
9 8 0.207392315042  12 0.115030719657  14 0.175237082833  44 0.195999075356  49 0.166166074963  58 0.135894061389  66 0.200673234599  -1 0
0 2 0.089600627037 5 0.114314399937 20 0.222552809846 46 0.193282614026 49 0.194262625339 58 0.190858783906 -1 0
1 11 0.022233527368 27 0.215591055362 30 0.181278682548 33 0.044756561256 34 0.038335268835 45 0.159192443584 46 0.168738958556 71 0.087748527207 77 0.220274643205 83 0.165386881650 -1 0
2 5 0.203675305102 49 0.105698039450 58 0.112525519783 -1 0
3 7 0.138527368389 8 0.154723471394 9 0.226717925820 19 0.142963956246 24 0.108677173996 25 0.151319085273 28 0.040977855337 41 0.120272253947 44 0.173999837935 50 0.081316626493 55 0.146064699137 57 0.222746387830 60 0.112966975363 66 0.164044101798 68 0.131464950358 69 0.221220952494 70 0.202041035996 81 0.141007630183 87 0.186440457183 -1 0
4 17 0.193135076704 21 0.175473617703 23 0.140107445926 36 0.181098353378 37 0.175065699520 39 0.210303524019 40 0.120205316460 42 0.214117270446 51 0.184280344871 53 0.124057098220 56 0.155544108754 65 0.160048205279 73 0.089563457003 75 0.219937116471 76 0.132996659407 86 0.191829862756 -1 0
5 26 0.152635092208 43 0.126857397640 45 0.182890078822 46 0.201556925792 -1 0
6 31 0.059510830081 47 0.146271024141 48 0.100713442009 52 0.129643082479 54 0.217799487485 61 0.160763505978 72 0.046736550134 74 0.192186615877 78 0.032717701850 82 0.138282558530 -1 0
7 19 0.035937458600 23 0.166288675476 24 0.045227918546 28 0.099030153581 36 0.178302146232 37 0.214232581130 40 0.198635821289 41 0.152010739142 50 0.104795495872 55 0.105542309425 60 0.194948411315 63 0.144859722501 70 0.177707512967 87 0.103564991606 -1 0
8 12 0.095958933887 14 0.221165774602 25 0.220574442030 28 0.174177883692 44 0.021382703526 50 0.156391008612 55 0.196285196250 60 0.068496382393 62 0.218618507293 66 0.009743463499 68 0.025099351922 70 0.196748168076 81 0.025381070297 -1 0
9 10 0.098583057961 15 0.181882878945 25 0.173722996426 41 0.122837598755 57 0.061881164215 69 0.112285995087 87 0.208725118132 -1 0
10 15 0.083425212109 25 0.120773716814 41 0.176429458196 57 0.037526090340 69 0.025014132282 -1 0
11 20 0.218127718470 27 0.193481139318 30 0.159402456630 33 0.048348088270 34 0.050413784660 45 0.175722813616 46 0.164006960464 71 0.108822767182 77 0.206990342837 83 0.153353145720 -1 0
12 14 0.154964455025 44 0.081830815437 60 0.160614259198 62 0.192210650050 66 0.088029977074 68 0.121011857403 81 0.117251926121 -1 0
13 17 0.132058534388 18 0.180819326003 21 0.185473443247 42 0.097381169848 51 0.208561408850 65 0.121656747124 73 0.220339820561 76 0.193629938935 85 0.121371094187 88 0.100448209143 -1 0
14 20 0.087295600021 44 0.199965973278 46 0.185073891780 58 0.184427176965 62 0.094902443868 66 0.211433795460 77 0.094854382404 -1 0
15 25 0.123023617313 47 0.192928823447 54 0.220386909838 57 0.120205973739 61 0.172475382670 69 0.073478227977 74 0.146133220823 82 0.226462072724 -1 0
16 22 0.014292653723 29 0.115694113181 32 0.149225900220 59 0.221162988207 64 0.178161157412 89 0.107572250014 -1 0
17 21 0.053972256213 38 0.147877755972 39 0.227097432710 42 0.036167509937 51 0.076510769455 59 0.199366203264 65 0.141880964282 73 0.198916359683 76 0.075114328888 84 0.184428812175 86 0.184144625436 -1 0
18 80 0.222695071376 85 0.075372112201 88 0.083909763153 -1 0
19 23 0.139759657762 24 0.073951760847 28 0.102007302290 36 0.142526618896 37 0.205039817994 40 0.166520765622 41 0.180465500349 50 0.088574462570 55 0.072129522310 60 0.176864128459 63 0.153293402397 68 0.219997908258 70 0.142658037393 81 0.220693858156 87 0.139138006243 -1 0
20 27 0.215702139861 30 0.215267225529 34 0.213272611092 46 0.098122554628 58 0.210619219019 62 0.120837956460 77 0.011480510528 -1 0
21 32 0.213438321740 37 0.183531562654 38 0.109910305604 39 0.173274521650 42 0.090078001050 51 0.024575463406 59 0.160354326950 64 0.186007676349 65 0.173632242043 73 0.205641101685 76 0.042480951514 84 0.143135674619 86 0.130221764435 -1 0
22 29 0.105172059292 32 0.139383748750 39 0.223227461089 59 0.215572668679 64 0.167933413712 84 0.223862826759 89 0.103946698534 -1 0
23 24 0.210866880320 36 0.099106058350 37 0.115766218727 39 0.165983172916 40 0.054401236612 50 0.199703553068 53 0.192839541299 55 0.137930614857 63 0.153615278426 70 0.144315384495 73 0.226098092519 76 0.215525827398 86 0.179366033501 -1 0
24 28 0.075457853757 36 0.213091962125 41 0.107319315221 50 0.104370656031 55 0.130240706514 60 0.189066735102 63 0.178450024526 68 0.223572344349 70 0.203855905953 87 0.088746092009 -1 0
25 28 0.189471675701 41 0.160438962721 47 0.200021182101 57 0.129427061111 60 0.224954730346 61 0.194472597662 68 0.210591959000 69 0.096569758121 74 0.203622770562 81 0.224872841793 -1 0
26 43 0.044099749185 45 0.126337630618 71 0.204934226623 -1 0
27 30 0.036872272890 33 0.212180650599 53 0.163430105434 56 0.198222102708 62 0.141383123855 67 0.050735113764 75 0.066449677967 77 0.206945339192 83 0.162189868165 -1 0
28 36 0.202860370969 41 0.123320758599 44 0.191070227046 50 0.053765534751 55 0.112661730123 60 0.118919633939 66 0.182675073646 68 0.149339235020 70 0.176341314718 81 0.155793600606 87 0.160819939637 -1 0
29 32 0.034961360863 37 0.173999310537 38 0.163899065222 39 0.126989801894 51 0.223757044148 59 0.126348543452 63 0.175273261884 64 0.062790232282 84 0.129005124846 86 0.144209454381 89 0.061012823884 -1 0
30 33 0.175702752603 34 0.202889204022 53 0.182920000320 56 0.201470779028 62 0.161036062002 67 0.075769685439 75 0.090680521085 77 0.205350938457 83 0.131508637712 -1 0
31 47 0.189513506324 48 0.159998747905 52 0.186376575472 61 0.208593101116 72 0.103702275583 78 0.091667095119 82 0.197600580747 -1 0
32 37 0.155258961080 38 0.130476691603 39 0.105606333288 51 0.188920885321 59 0.097359002222 63 0.177460375136 64 0.029373591066 76 0.226741076516 84 0.097064676480 86 0.114829492814 89 0.072584276665 -1 0
33 34 0.082366536622 35 0.212168491220 45 0.195271351520 46 0.211218289988 71 0.114323893896 83 0.129336206180 -1 0
34 45 0.125720822668 46 0.139467162805 71 0.069231001113 77 0.203113438474 83 0.202473078278 -1 0
35 56 0.211247261800 79 0.041284072027 80 0.172165588580 83 0.125246592972 -1 0
36 37 0.214812877137 40 0.066516553530 50 0.153119049335 53 0.161786940374 55 0.090370555412 60 0.187096850468 67 0.199433983545 70 0.050399692158 75 0.188887180836 81 0.222011720639 -1 0
37 38 0.188524477367 39 0.050236169546 40 0.162750365846 51 0.168424858982 59 0.199999314813 63 0.105936207523 64 0.133207071633 76 0.164746510390 84 0.184217937554 86 0.071655921723 -1 0
38 39 0.150850784708 42 0.176560209360 51 0.088561334747 59 0.051539872451 64 0.111421875751 76 0.142297180721 84 0.037526002918 86 0.116873817107 89 0.163804417998 -1 0
39 40 0.212451862340 51 0.153282819752 59 0.154239946217 63 0.117640380832 64 0.082974476704 76 0.166265447020 84 0.140108817043 86 0.043360303882 89 0.178148955726 -1 0
40 50 0.204804742933 53 0.142010886975 55 0.139246783065 56 0.222096385868 63 0.207711521951 67 0.216115751269 70 0.116912251802 73 0.195330812806 75 0.202400848361 76 0.226358843390 86 0.218560178397 -1 0
41 50 0.176009886458 55 0.225030715386 57 0.146278846675 69 0.171704234883 87 0.118551106954 -1 0
42 51 0.112040207343 59 0.227393560722 65 0.131821167512 73 0.205158788871 76 0.108111475550 84 0.213866703877 85 0.210567064883 86 0.220288487812 88 0.193538868552 -1 0
43 45 0.157625409761 -1 0
44 50 0.168815066564 55 0.202983656054 60 0.078783534144 62 0.198365453995 66 0.011900124167 68 0.042560480178 70 0.195560773428 81 0.035772387892 -1 0
45 46 0.167683973474 71 0.086496375959 -1 0
46 62 0.203040929099 71 0.183606299269 77 0.092659945774 -1 0
47 48 0.102783354515 52 0.162911794451 54 0.178790297345 61 0.026914049790 72 0.142561047548 74 0.081746468655 78 0.122027572228 82 0.110030113192 -1 0
48 52 0.061506956726 54 0.119918260858 61 0.099166120535 72 0.065653131084 74 0.104983657640 78 0.068348925239 82 0.037603073588 -1 0
49 58 0.051103435499 -1 0
50 55 0.065566180397 60 0.090195817151 66 0.163100971702 68 0.131748253169 70 0.123028987619 81 0.133385220077 87 0.192834950880 -1 0
51 59 0.137835331458 64 0.161626978791 65 0.197135771930 73 0.223111010255 76 0.054822839598 84 0.120062639973 86 0.109929786098 -1 0
52 54 0.101826105194 61 0.155321020255 72 0.083096302601 74 0.144680318070 78 0.104302245356 82 0.062440152398 -1 0
53 56 0.090414095247 65 0.218697222321 67 0.112755135227 70 0.191981081131 73 0.119405578647 75 0.097177196096 83 0.223501688770 -1 0
54 61 0.157423527998 72 0.175182758516 74 0.113568892759 78 0.186749981647 82 0.084308447671 -1 0
55 60 0.128336329412 63 0.211570859262 66 0.200622281342 68 0.174319920416 70 0.073696351742 81 0.171056612017 87 0.208573043164 -1 0
56 65 0.168143100426 67 0.155871210146 73 0.090125420720 75 0.144711262488 79 0.226442692093 83 0.182567596494 -1 0
57 69 0.051076006153 -1 0
58 77 0.221961142436 -1 0
59 64 0.088829468858 76 0.189682720400 84 0.019437186765 86 0.132299138327 89 0.114860345147 -1 0
60 66 0.073990093851 68 0.046014121799 70 0.139595983419 81 0.043947688117 -1 0
61 72 0.149456764029 74 0.055089596590 78 0.133163601200 82 0.097029379515 -1 0
62 66 0.210035252187 67 0.175494601057 70 0.226710793942 75 0.186810638162 77 0.118820463136 81 0.216401364232 -1 0
63 64 0.171695032671 86 0.159749711026 87 0.152736808334 -1 0
64 76 0.197780222873 84 0.082854098705 86 0.086317865429 89 0.098791434154 -1 0
65 73 0.099655312714 76 0.153444626984 80 0.210754093458 85 0.227330988679 88 0.202186120984 -1 0
66 68 0.033343608149 70 0.197591061576 81 0.030043488144 -1 0
67 70 0.201861999288 73 0.223236606584 75 0.015752748875 83 0.169097923902 -1 0
68 70 0.181176527263 81 0.014330502079 -1 0
69 74 0.212799452456 -1 0
70 75 0.194633136204 81 0.172457676382 -1 0
71 -1 0
72 74 0.168216347378 78 0.029372781087 82 0.101033887886 -1 0
73 75 0.208984943743 76 0.168624687397 -1 0
74 78 0.160704549717 82 0.082561340663 -1 0
75 83 0.175368481637 -1 0
76 84 0.171069577822 86 0.126425428989 -1 0
77 -1 0
78 82 0.105951224865 -1 0
79 80 0.139500730772 83 0.165581706781 -1 0
80 -1 0
81 -1 0
82 -1 0
83 -1 0
84 86 0.115107390850 89 0.126322238952 -1 0
85 88 0.025677583505 -1 0
86 89 0.184802875566 -1 0
87 -1 0
88 -1 0
89 -1 0
