0.378626817372 0.896012432873
0.854941776488 0.010795782320
0.391975477803 0.281340254936
0.790050212760 0.066510577220
0.557004456874 0.949161643162
0.790393945295 0.461981586181
0.818851770367 0.798276960384
0.961428721435 0.815890602302
0.673490179237 0.521977219731
0.188130644150 0.127540912479
0.930015862919 0.631963416003
0.131163848564 0.160943923518
0.017452841159 0.776996826753
0.941063087899 0.180563705508
0.244363019243 0.353786492720
0.966769211460 0.622989836615
0.249798925593 0.821710987948
0.633785618935 0.641774403397
0.103051242884 0.423835832160
0.708284981083 0.660055700224
0.372997475322 0.498678926378
0.122037286405 0.191849246155
0.296955886763 0.083466008306
0.007739848457 0.970446066465
0.605443228036 0.195870492607
0.097986978944 0.535459090956
0.827833909076 0.229150827508
0.696403014939 0.845286750235
0.006147654261 0.637466102839
0.025850456208 0.250510673504
0.991252595559 0.992619667668
0.873500510119 0.241051521152
0.814330655616 0.507286129519
0.882825925015 0.917381898966
0.931121961679 0.591110906098
0.577437599190 0.304119437002
0.089789832477 0.699474885594
0.495968683157 0.386745719705
0.782940893900 0.503708531614
0.357191786170 0.388384122401
0.699579024687 0.455178765114
0.923843213357 0.527412933763
