0.585947874936 0.395477158482
0.792352631159 0.315917025495
0.067221173531 0.998183116326
0.496186923699 0.634726175104
0.283576280812 0.300311194747
0.601932419226 0.018364255512
0.705985852047 0.882900509846
0.240966565904 0.910481708124
0.347636083362 0.279663328320
0.884450460316 0.347713509570
0.543454980476 0.968373808541
0.723085179690 0.171639901963
0.422399345318 0.894276863421
0.994842476401 0.374274436759
0.510226998917 0.462978839930
0.000837868113 0.096174874131
0.858456000268 0.793190499071
0.412091899193 0.925677171903
0.791373616727 0.908278823461
0.560403347555 0.074949899310
0.208590017631 0.162335765516
0.093314154997 0.914575870583
0.045236275377 0.334280721488
0.825057577175 0.392872357942
0.613944049909 0.709508039050
0.740585868195 0.157399031106
0.677881848067 0.463671047706
0.329038932650 0.100281193275
0.357947911136 0.323881413322
0.474555628826 0.868174910558
0.786860253199 0.475393497388
0.964349784330 0.645316247094
0.268583997151 0.376441684088
0.570993423692 0.059957614578
0.284720506766 0.131396771552
0.134907510594 0.493310525085
0.293732537422 0.228221665609
0.407886395695 0.338968812959
0.562502387358 0.232943973226
0.731841172591 0.176446437699
0.942452013956 0.472427040343
0.333845468227 0.620333862024
