0.450013769373 0.398380834573
0.869527501562 0.602615074322
0.800972281486 0.645266202732
0.667551657651 0.285791061813
0.420435462181 0.204891518266
0.570746592689 0.885613747339
0.836832933007 0.704749410019
0.150254485648 0.750176981584
0.476089216927 0.631870413196
0.834636413804 0.990011419512
0.269052804913 0.947925723354
0.561742832383 0.661567774934
0.103913694686 0.220004734253
0.732532934751 0.038624315991
0.060464409966 0.820475566610
0.430031193398 0.510478179888
0.218856401276 0.299558692146
0.113093244416 0.019828681813
0.944824889837 0.780644905259
0.305619744647 0.365260357118
0.985536419750 0.876366339000
0.250874103642 0.822369365582
0.581115744543 0.401128591504
0.572546345648 0.057204961320
0.032999004913 0.407182758729
0.047216375995 0.302051808896
0.355108482649 0.608959206442
0.963619600408 0.459022171590
0.828963940047 0.696152519404
0.497646494129 0.889428351809
0.516628085115 0.927677687481
0.399906530548 0.735484486896
0.227236379167 0.512999774630
0.755313169716 0.172061274288
0.293644675950 0.060932914329
0.537321631307 0.279181096207
0.937299209500 0.788195740530
0.101550461802 0.518414995579
0.189324327740 0.674096807399
0.575619957411 0.222323332447
0.081279565401 0.622836332962
0.524375142067 0.436388049264
