0.000000
1.000000
42
7
0.341200
0.000000
0.501254954375 0.520205633249
0.043669801671 0.622164746746
0.722897599451 0.882023509126
0.023710529786 0.576106067747
0.516303187702 0.706633993890
0.879965846427 0.439957482275
0.877985899337 0.834771054331
0 5 0.251570722262  10 0.159730158427  15 0.305977105872  17 0.175976851975  26 0.276539086519  27 0.222526587208  30 0.300098703617  31 0.319116653313  38 0.174986387958  40 0.330293706675  -1 0
1 1 0.306766487337  6 0.299564199456  12 0.288033992951  13 0.296026142599  22 0.232020605378  27 0.251293596775  28 0.256801662846  34 0.175432202207  36 0.130333680340  38 0.295069285846  39 0.340945499239  -1 0
2 2 0.171642484473  5 0.206432370045  8 0.226646183864  9 0.055580677430  14 0.094929522619  15 0.185955734337  16 0.238757594362  18 0.075764337926  19 0.142815958101  25 0.250639196865  26 0.182347849214  29 0.206525519676  31 0.139472017469  -1 0
3 12 0.242144872145  22 0.282195251582  27 0.271593213450  28 0.221710618418  34 0.225292545629  36 0.095533179461  38 0.305827489135  -1 0
4 5 0.183979692013  6 0.326005155746  9 0.317879703617  10 0.296012009209  15 0.234067503687  16 0.199739360551  17 0.339614720830  18 0.336108144845  19 0.229040106428  26 0.096257482977  27 0.245803981079  29 0.190870113417  31 0.142516732425  38 0.250448850318  39 0.320973536272  -1 0
5 0 0.094163343687  5 0.298981618155  8 0.291699490201  11 0.088181556947  15 0.288903612437  17 0.280027700614  20 0.162178899288  40 0.316085736471  41 0.236619281549  -1 0
6 0 0.314879992314  2 0.061728475921  5 0.239349780547  8 0.104352481946  9 0.173944981076  14 0.164105454130  15 0.187105748792  18 0.096699427902  19 0.304941045563  25 0.124124001000  26 0.315286563597  31 0.282564643407  -1 0
0 5 0.273385609596 8 0.210534036691 11 0.180368273861 15 0.246426240095 20 0.238781918558 41 0.329752401828 -1 0
1 6 0.089419319739 13 0.070149563392 16 0.331464765835 22 0.077389832194 27 0.337585162859 33 0.079149018061 34 0.132962125578 39 0.101320333372 -1 0
2 5 0.292730166108 8 0.162972462134 9 0.163009286328 14 0.137603330314 15 0.243363545671 18 0.095928947594 19 0.308998315140 25 0.080224529483 31 0.306446466203 -1 0
3 4 0.231697965807 7 0.053542415176 10 0.261740038702 12 0.278102532876 21 0.323244392024 23 0.193001730293 24 0.297871398346 28 0.233700495989 30 0.082618121749 32 0.111958710194 37 0.111723179126 38 0.337569121525 -1 0
4 7 0.207521525010 12 0.311228919123 23 0.243854078382 30 0.314305264546 32 0.171553346127 37 0.187318097553 -1 0
5 8 0.201791815083 9 0.261669173629 11 0.322975446459 14 0.294828664410 15 0.056363971277 16 0.310981774325 17 0.311545317193 18 0.234952120126 19 0.271393543711 26 0.172972548205 29 0.285156427479 31 0.179879805259 -1 0
6 13 0.154773582263 16 0.261327391686 22 0.088934448310 27 0.265361411551 29 0.291771263626 33 0.113393630838 34 0.151934142819 38 0.331880968925 39 0.041382353548 -1 0
7 10 0.272638230058 12 0.227626284102 23 0.228916567057 28 0.193854635315 30 0.120997202034 32 0.060702943532 36 0.319471423512 37 0.058426511488 38 0.339946359734 -1 0
8 9 0.257091103018 14 0.258965029023 15 0.145890556967 18 0.183946307305 25 0.201511341758 26 0.331274197653 31 0.311097104235 -1 0
9 14 0.045806087570 15 0.238232021132 16 0.253354990676 18 0.077282897956 19 0.150315415961 25 0.235407495756 26 0.224991499033 29 0.222857259570 31 0.179272687065 -1 0
10 17 0.265420354775 27 0.154069752030 28 0.244212635647 30 0.192688048748 32 0.315337689594 36 0.280561063784 37 0.301940614285 38 0.086545809690 -1 0
11 15 0.327883276317 17 0.211353989952 20 0.142514536867 21 0.310859848949 40 0.228007582463 41 0.162962361982 -1 0
12 28 0.098125212609 30 0.311738849910 32 0.189293799892 36 0.166351563582 37 0.178922714364 -1 0
13 22 0.102310361270 33 0.131927891002 34 0.124800902835 39 0.171350857934 -1 0
14 15 0.264896758505 16 0.294812372102 18 0.076260840110 19 0.191286830547 25 0.201990790993 26 0.270574242586 29 0.265187820564 31 0.225004512302 -1 0
15 16 0.335607321108 18 0.197393738273 19 0.279455467525 25 0.310880933779 26 0.205421553899 29 0.306885021271 31 0.200080328708 -1 0
16 18 0.313472267941 19 0.103526445084 26 0.140496300554 29 0.032448580761 31 0.135710563052 33 0.288370085232 39 0.232021574562 -1 0
17 20 0.333268120519 21 0.225377550351 24 0.276004013918 30 0.289278509383 38 0.322951009255 40 0.160246646223 41 0.259912844814 -1 0
18 19 0.214593378501 25 0.174961913285 26 0.253061828953 29 0.281448428259 31 0.212707418336 -1 0
19 26 0.137122810543 29 0.074726244022 31 0.099970447744 39 0.334795018578 -1 0
20 35 0.268573421310 40 0.283900008403 41 0.137444685504 -1 0
21 23 0.260215576082 24 0.060929118345 30 0.285264662723 35 0.322401981256 40 0.084805068145 41 0.214764678334 -1 0
22 27 0.275544074495 33 0.150578891596 34 0.065597354458 39 0.125324233266 -1 0
23 24 0.205894177728 30 0.233948115232 32 0.259858370288 37 0.270016009689 40 0.336735031648 -1 0
24 30 0.275051853702 40 0.145565292411 41 0.267244856458 -1 0
25 -1 0
26 27 0.330320511341 29 0.119040258684 31 0.046586275978 39 0.328716875871 -1 0
27 28 0.281291752324 30 0.337464497859 34 0.277174790293 36 0.242970891488 38 0.068349374315 39 0.292227701887 -1 0
28 30 0.243332504298 32 0.182213882385 36 0.127106927942 37 0.166903506871 38 0.261950219237 -1 0
29 31 0.106917514847 33 0.320805849983 39 0.263544271826 -1 0
30 32 0.180891924553 37 0.175116724176 38 0.275045821048 40 0.311606542625 -1 0
31 -1 0
32 36 0.308770945434 37 0.016131092862 -1 0
33 34 0.211034933289 39 0.092624105640 -1 0
34 36 0.295595348763 39 0.190188432951 -1 0
35 40 0.320901499139 41 0.214875381607 -1 0
36 37 0.293704584324 38 0.256448479805 -1 0
37 -1 0
38 -1 0
39 -1 0
40 41 0.159452628429 -1 0
41 -1 0
