0.382289778411 0.459185036257
0.828140404925 0.458140957204
0.709521798871 0.800460386560
0.706329943267 0.559220540987
0.272754692846 0.489969283079
0.407560850887 0.191522035222
0.723572684749 0.556249232508
0.098880909383 0.888128974941
0.646487268756 0.778708819278
0.340590810655 0.423889175648
0.793037489439 0.378243208885
0.006214825438 0.530748478601
0.726986704307 0.520581789115
0.826827045657 0.496592623553
0.170015689665 0.845874158360
0.916392670343 0.460340799523
0.856951471038 0.337739798708
0.709304494459 0.657584389640
0.304269326384 0.634548562113
0.261668658447 0.417057512494
0.064067062668 0.318491936834
0.727411786770 0.612066326762
0.453231226592 0.673920217474
0.722541752199 0.442425188861
0.235188822948 0.666899219347
0.577194889604 0.194834640010
0.394967068021 0.350099695314
0.293795893848 0.313733655171
0.036466858815 0.826522008517
0.790414091182 0.193824211274
0.380831405079 0.457922494322
0.603231618897 0.679575302516
0.316393251232 0.250928356452
0.818871951496 0.619457684092
0.715935896985 0.328732237256
0.527479423584 0.283342158344
0.388101701420 0.453146340483
0.777145996813 0.720104822040
0.373860480999 0.190918297297
0.504719662784 0.929526433725
0.697171613083 0.902657796975
0.431378202087 0.371127007889
0.256112606034 0.274313569137
0.239756012574 0.473339938436
0.286908172994 0.260887735902
0.783829208776 0.411804853011
0.768987410627 0.206479926698
0.861858709729 0.797241853087
0.529911419455 0.504290486027
0.369750964489 0.499321633401
0.882892686065 0.318097442817
0.498845209711 0.560626322124
0.743136971937 0.448314461243
0.266450788269 0.547477534779
0.642547479894 0.601547399252
0.241892744587 0.504718402761
0.486438835706 0.366330276758
0.365480609617 0.624796085997
0.808190471775 0.595965256561
0.486567010799 0.246455259689
0.700165503687 0.475251013274
0.672356468238 0.413041152059
0.169821160880 0.494691307811
0.418496637160 0.872519278904
0.153032084927 0.793388650288
0.410165084523 0.965348343828
0.371854002955 0.449794877027
0.219569109380 0.966649959331
0.549746478576 0.318706204839
0.197779277109 0.489120751457
0.267029132693 0.321126993388
0.114767091224 0.542619741936
0.625438635780 0.397145946817
0.251960059682 0.413143976304
0.269191468597 0.794542131946
0.529583073389 0.456826453091
0.883695745453 0.342338013994
0.517579843967 0.443925949236
NaN NaN
0.705040524808 0.793457831263
0.842566613256 0.362288144086
0.890693726553 0.769252886186
0.586621665898 0.393911632576
0.765070124032 0.843060084169
0.338075662663 0.334021071950
0.370836469824 0.607114719232
0.290107950045 0.247833226699
0.606126207747 0.498393619157
0.728388246965 0.490444404724
0.793154468019 0.346899008182
