0.601081857801 0.807910285597
0.319342662115 0.950795460960
0.800832841744 0.164028648117
0.045401671920 0.241765325631
0.867329787308 0.947189324984
0.063062918373 0.246588854101
0.390529858880 0.930691750255
0.393327384255 0.914322392062
0.253322953041 0.771270884817
0.865670062027 0.333109353871
0.123452271065 0.334263894139
0.416747159990 0.661423746083
0.279146090621 0.868571030436
0.539292565108 0.137571860077
0.662140989047 0.677553939433
0.863541544835 0.263188828606
0.485464231521 0.182877366571
0.214018363071 0.286306077207
0.346872527618 0.259383371565
0.528036689262 0.214202297200
0.206572667451 0.591099584664
0.460791091210 0.597102526162
0.521791334563 0.854118476785
0.511424918404 0.775114287948
0.625388402526 0.377097556011
0.108223339969 0.748841632663
0.711360354062 0.524970540288
0.410265378654 0.990506537726
0.393541530240 0.949559155386
0.128075124797 0.055659615889
0.627113097082 0.991612895514
0.318905371096 0.112577334632
0.174490262289 0.532923676074
0.398888207044 0.521362789399
0.792307044452 0.926924894133
0.735565086390 0.998879720882
0.518025431391 0.196355897712
0.595985832690 0.039813194461
0.050210985404 0.107312464404
0.814930193054 0.675864064853
0.484503712970 0.923153443723
0.424705650282 0.195864159825
0.448123943494 0.834971029515
0.186370698285 0.841665473748
0.784528213474 0.314447753460
0.897347325805 0.411643973977
0.306057360183 0.216238054487
0.524220613024 0.480552049673
0.749177035591 0.923108819324
0.001914837697 0.541484082449
0.850033704615 0.737479917053
0.540363799717 0.368058197938
0.933794865436 0.136346499561
0.407874013276 0.984310758929
0.243753200321 0.222804116528
0.660174774948 0.728256879813
0.146005926740 0.084969019145
0.924121694598 0.594081017696
0.919909135564 0.110913282139
0.435746978238 0.704381641645
0.424940653633 0.333094964467
0.116024924819 0.731002449618
0.549348329065 0.640245535043
0.211554499575 0.298525365494
0.563354357730 0.213469338738
0.840009385349 0.413387073482
0.950947904157 0.380372470529
0.781446264688 0.884785366331
0.516719287735 0.189320281452
0.869096147562 0.760472495606
0.412124398828 0.529270903209
0.488729399365 0.558081959538
0.614150987621 0.412850474900
0.152163463872 0.534002786943
0.523342245198 0.587910442455
0.238384428425 0.948282909559
0.921007170952 0.354404645431
0.679285335377 0.470353746954
0.994654536895 0.890839860547
0.768879126754 0.558009202333
0.104309196327 0.608888557963
0.971229263691 0.054610562083
0.989262121764 0.752843139267
0.940039133520 0.505981691233
0.942163888968 0.809139959399
0.266453577101 0.354288263876
0.338410858597 0.755182977695
0.912370380644 0.952562249376
0.167989125782 0.064559752940
0.486564976540 0.691375698894
