0.758560686838 0.742773870471
0.451312778708 0.414579308126
0.778416124056 0.707058194139
0.094285689487 0.339805738929
0.642172558236 0.968014284503
0.639583695765 0.843907970327
0.173502043122 0.455493657597
0.068995042581 0.853704549801
0.184568622253 0.707067385228
0.978337144757 0.052543111087
0.484056208844 0.176356033913
0.435206035409 0.325994231536
0.558941722846 0.661840375514
0.786342033685 0.334598632793
0.212479558836 0.389190118596
0.007585426463 0.971040337835
0.131963994256 0.458898193973
0.385619554226 0.910380112943
0.165956370729 0.479905276663
0.250186072048 0.808128934537
0.447919608596 0.889769766019
0.652036905288 0.621421774849
0.345263434478 0.721031947951
0.475126325153 0.529832056258
0.428099239046 0.356129128908
0.602354737463 0.912155503872
0.532485084608 0.622222347651
0.941818977826 0.193639603034
0.284062723045 0.741726867914
0.164052487568 0.496542115448
0.130917335859 0.171638061184
0.467582528514 0.262880974934
0.630536279642 0.853202082683
0.173261154263 0.796492792961
0.333107408046 0.423447160543
0.604621589185 0.781027014832
0.313216925101 0.256658494453
0.402448788397 0.658480359327
0.977690442563 0.877575114926
0.188312414872 0.405789775779
0.233704228056 0.790667174037
0.317945280299 0.766189304656
