0.742950147495 0.696844749545
0.677407889440 0.821582600372
0.527699568774 0.641686192716
0.979831652407 0.140235065763
0.416641467250 0.244594526943
0.101271910054 0.179250936583
0.918746643145 0.360707085458
0.639976312397 0.397458006700
0.474539986340 0.442104647406
0.786474320952 0.920142524557
0.327714028705 0.046165256082
0.153009265694 0.657521971058
0.351309014482 0.152798408648
0.681830655303 0.415415742883
0.583506777880 0.356035853751
0.790400215678 0.268783286937
0.278154837884 0.481980516120
0.056581490711 0.805854406704
0.089877302605 0.162175562526
0.952960817061 0.540170409316
0.281007681052 0.072355041749
0.677143893211 0.199754324263
0.433062126848 0.317120205614
0.402065591894 0.437284882803
0.759224852981 0.284838659261
0.817973665804 0.086938881499
0.425557353960 0.683636735385
0.735246071581 0.736948566888
0.123781340708 0.287664233286
0.459689461521 0.700368333573
0.643700086987 0.245259939264
0.832029048648 0.671904582311
0.727240455681 0.032652896607
0.571330688456 0.846186676943
0.069066050564 0.673798803798
0.391215340236 0.350073731505
0.746153845548 0.068359233803
0.549828055780 0.179215972794
0.385479439508 0.147040386684
0.053510178446 0.071289064299
0.244132963388 0.763102664710
0.231643174828 0.762882961905
0.846668340086 0.380767131391
0.277615007846 0.804427137236
0.233888336106 0.990371883066
0.985180716527 0.332642660409
0.145315554985 0.682915549279
0.754292476014 0.971730113514
0.715568445927 0.557032606069
0.665962309077 0.835054888382
0.230831410260 0.114678514659
0.083845580242 0.998235290698
0.183037748536 0.684536283827
0.156201228915 0.568517188566
0.831576668623 0.243019313996
0.713221481528 0.263455716456
0.109851139216 0.965153773842
0.097604966868 0.329889955206
0.920968684037 0.471534571152
0.276032152668 0.118620037120
0.359433748131 0.632206425732
0.092205294602 0.516905741841
0.288812428765 0.830446070854
0.389461752026 0.128469916527
0.478561175054 0.112924926467
0.603805039268 0.570753910299
0.223941451078 0.054890225775
0.686377841437 0.410641190275
0.509905080672 0.676049522966
0.699256733716 0.420543777035
0.085598386452 0.692379860223
0.827381311653 0.233409454545
0.146355519727 0.180497640987
0.256995207165 0.558213201331
0.325254562304 0.280136984772
0.742950147495 0.696844749545
0.017653581967 0.826931207708
0.213750491385 0.423024376854
0.776977037063 0.655910100723
0.551494293379 0.235245186834
0.716137168796 0.464598706597
0.984509470416 0.807074308531
0.512411348045 0.631015614154
0.354381802485 0.244760273496
0.473594685068 0.333540181170
0.801974054503 0.552246983804
0.025920041503 0.636067181472
0.795841813817 0.659916240614
0.489787172467 0.049597733625
0.221377760174 0.815041735374
