0.249279510817 0.583164013791
0.315812744190 0.515318694522
0.508259192588 0.186645881258
0.704387089240 0.272226464468
0.123286327275 0.236490282656
0.481726870415 0.168357265159
0.467600450827 0.336213310695
0.411685789362 0.356331308358
0.681302559116 0.029865736136
0.429067854766 0.756872313093
0.721334632952 0.561767933890
0.167858535544 0.084097414833
0.467976824287 0.867411519638
0.489654639160 0.102632112534
0.535536284078 0.268553758044
0.622899762353 0.784815804562
0.851717767719 0.938712506872
0.300134498969 0.359976960278
0.125358386249 0.004521593058
0.632203425293 0.248644717495
0.241011872853 0.113930295635
0.417001982679 0.708612324202
0.450143598295 0.828687776391
0.064943629643 0.131446171008
0.858553508295 0.494011487346
0.888318479080 0.579888141246
0.055779433012 0.056177016209
0.663985561566 0.523756246079
0.923588536665 0.153640200387
0.626388358424 0.459124820771
0.422193958429 0.249288120756
0.243940628792 0.273911727425
0.188000627789 0.544075124432
0.633888687015 0.313359016550
0.548596712774 0.266092112307
0.562003733963 0.789608585805
0.380022407975 0.979005716737
0.498220909853 0.830166014843
0.807693488879 0.563164542445
0.961612180800 0.666246997186
0.057176030239 0.849930659871
0.246135138842 0.112955451786
