0.000000
1.000000
90
10
0.227500
0.000000
0.103594293352 0.122939201538
0.165384287015 0.867315194104
0.261974149849 0.754909563810
0.696470010094 0.518566854764
0.047662825324 0.076520794071
0.987073623575 0.022121951915
0.734972518869 0.323071070015
0.508151482325 0.182923535351
0.037065070588 0.672361374833
0.822898681741 0.922358613461
0 0 0.050048104298  5 0.127015965368  20 0.185920013963  27 0.081375101181  32 0.205380516415  44 0.095836735341  53 0.143753669110  66 0.091929927578  70 0.205751618478  87 0.093329679312  -1 0
1 7 0.069684379233  28 0.135217555384  64 0.074951389428  67 0.113152068285  74 0.126774798460  -1 0
2 7 0.210586838591  14 0.152012588227  18 0.127576066280  39 0.215845017860  63 0.195783896454  64 0.115537931458  67 0.215944859981  74 0.040284366037  85 0.183560128548  -1 0
3 10 0.215267621901  12 0.026809406385  15 0.158006496218  16 0.074251141125  17 0.178927127157  23 0.068135826935  33 0.174575783131  45 0.120728347408  48 0.189634297123  52 0.188231776669  56 0.191623633142  61 0.030158201343  68 0.215217762409  72 0.092167147644  76 0.222275173089  80 0.212414126174  -1 0
4 0 0.114105575901  5 0.155360453459  27 0.093471722984  44 0.152504388792  53 0.216218337170  66 0.059960789105  87 0.165675216635  -1 0
5 34 0.121010847838  35 0.091677706589  60 0.160835636238  78 0.191140423822  -1 0
6 1 0.173842072243  6 0.161932804700  10 0.154076770130  12 0.213695890439  15 0.070363795358  23 0.166024228522  29 0.203898164903  31 0.198941572519  33 0.211798537581  46 0.054174481851  50 0.082354777768  51 0.132173783256  52 0.205789614513  61 0.218352962696  76 0.062511520432  80 0.111655614177  89 0.152670485320  -1 0
7 6 0.119724346157  9 0.204189416427  24 0.133825620124  31 0.099247073637  42 0.221786707404  46 0.217898278545  51 0.134455668487  75 0.167286085141  77 0.158479523567  82 0.123602989402  84 0.109851037638  86 0.217151146562  -1 0
8 4 0.192026690975  7 0.224447889681  11 0.066162742433  14 0.181396386235  28 0.154161794343  55 0.169412890017  64 0.167618465029  71 0.117032196641  -1 0
9 8 0.185471167388  13 0.171680159244  21 0.224529377990  37 0.038174262473  47 0.038217501776  58 0.199654806341  79 0.131706937060  81 0.093119301565  83 0.076027015319  -1 0
0 5 0.161332137379 20 0.187189105823 27 0.127076366762 32 0.195322046734 41 0.210342046513 44 0.046534066060 53 0.117562364279 59 0.197477876002 66 0.108680209606 87 0.073389436534 -1 0
1 10 0.061547074730 29 0.100058453883 33 0.149268778210 34 0.211097725869 46 0.213826391581 50 0.107076993212 52 0.130215122590 76 0.112556186250 80 0.070236347333 89 0.181532791107 -1 0
2 3 0.154110685957 8 0.075300070625 13 0.178830146403 54 0.097955032611 58 0.130755564691 81 0.213322638811 83 0.190211246630 88 0.099914933100 -1 0
3 8 0.226556587328 10 0.185900097539 12 0.215014175235 16 0.197650946188 33 0.102869188744 52 0.112139063841 54 0.066806424083 58 0.179229251350 72 0.146689698968 80 0.227223793133 88 0.060708840553 -1 0
4 11 0.144097954801 14 0.135799253806 18 0.219839241240 19 0.156922661245 20 0.197765993912 32 0.198900539601 38 0.218429964445 43 0.092719079008 55 0.027064644724 62 0.155871957447 69 0.069971465105 70 0.199517487850 71 0.136228458175 -1 0
5 20 0.124476241465 27 0.062220152039 32 0.166443669290 44 0.204294694155 53 0.167336079988 66 0.205529928442 70 0.089725498701 87 0.135525955921 -1 0
6 15 0.166429882055 24 0.159665753382 31 0.037570110865 46 0.108393638843 50 0.207490875420 51 0.051227264680 75 0.109524522666 76 0.207647840181 77 0.124118218062 84 0.134509329235 89 0.184683783488 -1 0
7 28 0.087697959043 64 0.109124144571 67 0.143983285863 74 0.194330089699 -1 0
8 13 0.173320547603 37 0.190181134233 47 0.176115930181 54 0.173219581503 58 0.142980897163 79 0.155290043201 81 0.139100672041 83 0.119794353299 88 0.168590736796 -1 0
9 24 0.160361340846 41 0.072611954509 59 0.080368888689 82 0.130315517523 84 0.173041323155 -1 0
10 12 0.210388100775 15 0.198193492384 29 0.157560384422 33 0.093948513568 46 0.203626057126 50 0.115521909623 52 0.077081927220 72 0.175683431085 76 0.104417315777 80 0.045389495816 89 0.212525169319 -1 0
11 14 0.180606726942 28 0.219846910972 55 0.127110755502 64 0.224656772007 69 0.210848723886 71 0.052445791378 -1 0
12 15 0.178803578247 16 0.050153313943 17 0.161667112110 23 0.094720580502 33 0.158975543090 45 0.110309086473 48 0.188385284175 52 0.174378646643 56 0.216409117730 58 0.221093194786 61 0.047965148084 72 0.068332879615 80 0.213235727427 88 0.225245811587 -1 0
13 16 0.179647420841 17 0.101528554871 21 0.126358690937 37 0.205394180979 45 0.166056522784 47 0.134553068892 48 0.213537057470 54 0.223818296358 58 0.054508632527 72 0.207836190519 81 0.214870729763 83 0.177288503316 88 0.180001363347 -1 0
14 18 0.098376149848 19 0.190004785191 38 0.177875479747 43 0.187448788013 49 0.182652058912 55 0.114215371453 62 0.154243003584 64 0.189001156654 69 0.139769097435 71 0.210863671605 74 0.191779850107 85 0.162573590447 -1 0
15 23 0.107800329829 25 0.214708571650 31 0.203126630961 46 0.087598751637 50 0.151688046793 51 0.120475487742 56 0.192470929511 61 0.169547500417 68 0.184365944893 72 0.213673344702 76 0.128018044510 80 0.163458607302 89 0.217743109600 -1 0
16 17 0.116424450200 21 0.192483674837 23 0.141575791588 33 0.166959651423 45 0.079862862222 48 0.168431105625 52 0.185309703006 58 0.173085018140 61 0.081859875304 72 0.064713149919 88 0.195053309605 -1 0
17 21 0.078622912508 22 0.207259819890 45 0.069112980049 47 0.215774859475 48 0.116535402512 58 0.131746530730 61 0.169954390970 72 0.170488347695 88 0.225628380722 -1 0
18 19 0.205546315075 26 0.199882927199 30 0.139391250031 36 0.146728834981 38 0.140538740799 49 0.119907081486 55 0.203710240132 62 0.159240768399 64 0.219323680470 69 0.196256862963 73 0.160164378642 74 0.163793768180 85 0.071998613315 -1 0
19 20 0.181539608503 25 0.204712941415 26 0.196793692086 32 0.146834921310 38 0.103974460419 42 0.137202901874 43 0.086992116577 49 0.150173067757 53 0.216723756341 55 0.169784192880 62 0.046735752018 69 0.087038899576 85 0.202907532984 86 0.150258997324 -1 0
20 27 0.169679636194 32 0.046076289641 43 0.129009791096 44 0.210058582778 53 0.105117537395 55 0.224716122825 62 0.223637089399 69 0.176601853802 70 0.091859667907 87 0.118136905315 -1 0
21 22 0.154968624761 40 0.164030397715 45 0.127388102083 47 0.189599377616 48 0.114129676860 57 0.185378394204 58 0.175716218412 -1 0
22 30 0.177409515507 36 0.191097813420 39 0.168537610391 40 0.137170973794 45 0.206109066455 48 0.119295781144 57 0.144794077628 63 0.142216259739 65 0.225407957428 73 0.150499555130 85 0.207962928139 -1 0
23 25 0.183196143082 26 0.202338566994 33 0.217231251576 45 0.171066266521 46 0.195185895058 48 0.217952208256 51 0.214773606852 52 0.226460693647 56 0.139192976609 61 0.066574929909 68 0.155067534231 72 0.154271542196 76 0.206294588178 80 0.215136118289 -1 0
24 31 0.122361381381 51 0.205721156866 75 0.100770366351 77 0.072691201765 82 0.181038474519 84 0.027380425867 -1 0
25 26 0.073370956785 30 0.172878043774 36 0.156825218944 38 0.144621669095 42 0.100818787595 49 0.145460901345 56 0.052514224914 61 0.221081130124 62 0.196716599984 68 0.030727691222 73 0.189422094983 85 0.204358888761 86 0.085678129848 -1 0
26 30 0.099945284339 36 0.083899623318 38 0.106129159706 42 0.143371378713 48 0.223607615591 49 0.086064280123 56 0.070738380751 61 0.218773711034 62 0.172516457937 68 0.091119103499 73 0.119175797001 85 0.134328262382 86 0.133518791484 -1 0
27 32 0.204697281667 44 0.173496707015 53 0.177135986949 66 0.146369539466 70 0.151801571946 87 0.132238502134 -1 0
28 64 0.121182801445 -1 0
29 34 0.111120826020 35 0.160358525316 46 0.221999953240 50 0.121672315795 76 0.146853132289 80 0.143682965823 89 0.125333054508 -1 0
30 36 0.016058218987 38 0.135737149424 48 0.169951596525 49 0.089235048847 56 0.154605365741 62 0.199650694613 68 0.186217292990 73 0.031374196535 85 0.068772229658 86 0.226838845524 -1 0
31 46 0.145062411273 51 0.084625253520 75 0.086854309135 77 0.094378489911 82 0.215600962360 84 0.096963199543 89 0.204624099730 -1 0
32 42 0.215568214859 43 0.115047449720 44 0.208336426754 53 0.089954349461 55 0.224669199866 62 0.191802792258 69 0.161931780729 70 0.136496856950 87 0.121999307472 -1 0
33 50 0.200824332204 52 0.019891757317 54 0.169629102446 61 0.203893098549 72 0.102249992354 76 0.181505305774 80 0.129120447742 88 0.152645224881 -1 0
34 35 0.058264666471 50 0.207878449434 60 0.178935536929 78 0.174235264137 89 0.146691924607 -1 0
35 60 0.123354145577 78 0.128229311378 89 0.152280848323 -1 0
36 38 0.126692926852 42 0.218678335935 48 0.175331992455 49 0.081310285702 56 0.139493340218 62 0.192597092970 68 0.170440004754 73 0.041586700438 85 0.074826918787 86 0.211618493462 -1 0
37 47 0.075375287099 79 0.103142812817 81 0.071200275502 83 0.070885000402 -1 0
38 42 0.136775891937 43 0.180809341859 49 0.046849311671 55 0.219131545585 56 0.170538635839 62 0.068918352035 68 0.173944032565 69 0.157130704137 73 0.166849947622 85 0.109413662682 86 0.139279829170 -1 0
39 40 0.142267304110 57 0.124326280510 63 0.031914355317 65 0.061383994461 67 0.207625440466 74 0.184698731052 -1 0
40 48 0.216504487464 57 0.021812075382 63 0.141831495749 65 0.166886047379 -1 0
41 44 0.165138080231 59 0.020879664357 82 0.137353454001 -1 0
42 43 0.217049334104 49 0.167312011557 56 0.153238557347 62 0.152029535523 68 0.124221280444 69 0.224204709437 86 0.016577851165 -1 0
43 49 0.223066678934 53 0.203755215276 55 0.115320648907 62 0.112152325276 69 0.047854280040 70 0.171054730466 71 0.221233409262 -1 0
44 53 0.120748914650 59 0.151465376770 66 0.131013028657 82 0.198875885652 87 0.092110207110 -1 0
45 48 0.090149674340 58 0.184121240520 61 0.105583557047 72 0.144388491231 73 0.209097161345 -1 0
46 50 0.109636965573 51 0.085308597049 75 0.189532066550 76 0.102492910433 77 0.213659432081 80 0.159211888089 89 0.138424955401 -1 0
47 58 0.166376194237 79 0.157050433695 81 0.115430555891 83 0.087264247230 -1 0
48 56 0.226355081742 61 0.164611659384 73 0.139398221908 -1 0
49 56 0.156603352484 62 0.111301570668 68 0.170805443300 69 0.194137332739 73 0.120511972917 85 0.069587193169 86 0.165755895267 -1 0
50 51 0.194446636347 52 0.187824425187 76 0.029752638905 80 0.072338456531 89 0.104469299750 -1 0
51 68 0.207923864656 75 0.160334967376 76 0.187413892841 77 0.175269468977 84 0.179294291112 89 0.198792499743 -1 0
52 54 0.178005977034 61 0.217986419045 72 0.120659288338 76 0.170514881589 80 0.115534025569 88 0.165864879917 -1 0
53 66 0.225205175306 70 0.184684902862 82 0.209160219485 87 0.050572088418 -1 0
54 58 0.169332491570 72 0.201682917072 88 0.050571803212 -1 0
55 62 0.161387761344 69 0.083938016773 70 0.224976849100 71 0.128621003243 -1 0
56 61 0.170230084875 68 0.040343364845 73 0.163102316819 85 0.201919790055 86 0.138192326790 -1 0
57 63 0.127338626174 65 0.145538544324 -1 0
58 72 0.183923225447 81 0.220328759811 83 0.183876367648 88 0.126379914927 -1 0
59 82 0.120930262502 -1 0
60 75 0.199347182799 77 0.213591217384 78 0.052749046032 89 0.188209070037 -1 0
61 68 0.197537499183 72 0.116262883428 73 0.223424631054 -1 0
62 68 0.227387134329 69 0.090147957904 85 0.157828357314 86 0.161478718214 -1 0
63 65 0.093202199894 67 0.220074410822 74 0.168441291848 -1 0
64 67 0.185598105686 74 0.116165110663 -1 0
65 67 0.190600419582 74 0.221468558504 -1 0
66 87 0.177504972767 -1 0
67 74 0.179118627678 -1 0
68 73 0.198491539915 85 0.225322156459 86 0.108048887065 -1 0
69 70 0.210438048792 71 0.206199856505 85 0.223380272036 -1 0
70 87 0.176576322530 -1 0
71 -1 0
72 76 0.225968702218 80 0.192525102507 88 0.160840288650 -1 0
73 85 0.093625543152 -1 0
74 85 0.213215246428 -1 0
75 77 0.029401616403 78 0.154441638816 84 0.092078557500 89 0.184543859425 -1 0
76 80 0.059029540371 89 0.130857484285 -1 0
77 78 0.172760223654 84 0.068239246721 89 0.213802157024 -1 0
78 89 0.144575053335 -1 0
79 81 0.042266399252 83 0.078246489104 -1 0
80 89 0.173888711980 -1 0
81 83 0.037595868882 -1 0
82 84 0.173107328224 -1 0
83 -1 0
84 -1 0
85 -1 0
86 -1 0
87 -1 0
88 -1 0
89 -1 0
