0.923880388495 0.523253630381
0.153713925469 0.908514128483
0.894096165430 0.894360181410
0.282936042192 0.207340421611
0.126336280719 0.036576075000
0.697898578364 0.677110424265
0.227806680370 0.858453382739
0.230143213178 0.216268323362
0.892250778152 0.731398167554
0.736473956610 0.935920579828
0.353562914766 0.459371556061
0.817944088951 0.377273444553
0.035477623813 0.334247277121
0.083907437799 0.915443470835
0.774204759403 0.961893338256
0.750214524566 0.698085147888
0.485146968625 0.903928449377
0.606599277352 0.379243134521
0.798288630787 0.889535319524
0.586583556141 0.924624911510
0.926111394540 0.284482134507
0.601735336242 0.153918075376
0.142935517575 0.831878549466
0.370186398751 0.035186295476
0.563276717427 0.106660355245
0.971106875200 0.916839632202
0.566031911410 0.789050964639
0.294113076758 0.601509535686
0.123298241758 0.378020515667
0.516953005921 0.897503001150
0.339913853911 0.267167530953
0.595588149503 0.825060823002
0.171095980321 0.202187426835
0.204303957521 0.969384611595
0.091722745936 0.790887514008
0.894009523093 0.017834140926
0.075369648636 0.495744859336
0.171752216292 0.218305165883
0.327623409219 0.541938615032
0.253491461743 0.890900126655
0.648598970380 0.224598336967
0.807739758860 0.214630882258
