0.153499938548 0.119165698998
0.907592393924 0.343648844864
0.965433498845 0.720412724186
0.929042078089 0.570660368539
0.127971421927 0.503215623088
0.037766214460 0.231565715279
0.626154825091 0.203150501475
0.098880909383 0.888128974941
0.958060065284 0.795350919478
0.406695829704 0.005722891074
0.871871714015 0.393769453745
0.027844842989 0.606844232883
0.716840523761 0.535996325314
0.789767768234 0.753905594349
0.208357700147 0.612666450441
0.676264207810 0.361857638694
0.731832149439 0.583856601734
0.705506484024 0.697265648749
0.304269326385 0.634548562113
0.267926017288 0.432240748312
0.137764185667 0.305692231748
0.663806463592 0.763919010758
0.508842733223 0.762687373441
0.652047985699 0.466902798973
0.558038292918 0.058743815869
0.472625690047 0.429910006933
0.452513269614 0.500470533036
0.036754239816 0.169353793375
0.036466858815 0.826522008516
0.923259388190 0.244824558962
0.439188458957 0.599523596000
0.606682198122 0.171020608395
0.183380198199 0.312188682146
0.868286257144 0.487649524584
0.946737244260 0.136212274898
0.919890272897 0.084501429927
0.441904506646 0.583696736488
0.848420440685 0.950747240335
0.346384109929 0.500468426850
0.417650039308 0.904422403313
0.559212242719 0.890275729354
0.334332410246 0.011725512333
0.390746262390 0.371086650528
0.181079305708 0.427213121206
0.197608659044 0.104338693898
0.672037680633 0.636797118001
0.703862290364 0.278719878756
0.807817726396 0.887242488563
0.590908560902 0.676103984006
0.374892013147 0.537645805161
0.812316258904 0.294782286044
0.622147235554 0.254220765550
0.878479022533 0.470567676239
0.204968005884 0.224863132928
0.971036103088 0.622618045192
0.129285536241 0.530248345807
0.512893774547 0.463617946487
0.541973858140 0.903640037403
0.834704597015 0.723053164314
0.330853158608 0.032313256059
0.827391858213 0.002890839241
0.669110374060 0.531254148576
0.281610717997 0.476928100921
0.418496637139 0.872519278899
0.153032084927 0.793388650287
0.410165084526 0.965348343831
0.088170936331 0.032312320080
0.219569109380 0.966649959330
0.502879996318 0.424537115730
0.191513092257 0.473916099872
0.047155160923 0.320798628498
0.004164445680 0.560048935935
0.784416574985 0.546138304286
0.463688973337 0.619121172465
0.269191468600 0.794542131945
0.651434428524 0.096583326813
0.797432971653 0.320544803049
0.627837475855 0.079043689650
0.797472903971 0.046334112994
0.951562969014 0.950504988898
0.839722763747 0.361728053540
0.915853332728 0.927893700078
0.394040373620 0.135422442108
0.894543659408 0.896920369938
0.559959557839 0.086056751665
0.370836469810 0.607114719227
0.406855380163 0.375000915956
0.167163655162 0.191271955613
0.921139220241 0.630852628499
0.810393128078 0.190330688842
