0.000000
1.000000
42
7
0.341200
0.000000
0.618179946672 0.072736546397
0.075569754001 0.691468896344
0.132700079121 0.410986223724
0.362762786914 0.906208890025
0.699552982580 0.405557218473
0.634655287955 0.668124763761
0.778899119236 0.520267650019
0 2 0.158296900643  3 0.217319807752  5 0.166621618895  6 0.303470245489  8 0.076304459707  13 0.131956430784  14 0.212542596531  19 0.176466264805  28 0.315942729112  30 0.263782042611  33 0.241134687813  34 0.205495015274  -1 0
1 0 0.204707184860  1 0.297901977068  32 0.185379678985  40 0.159525733262  -1 0
2 0 0.207932575563  1 0.210749881556  4 0.174749682350  7 0.284288913521  11 0.328774097624  17 0.175032082606  20 0.316186130389  23 0.287634455413  30 0.331591590141  31 0.176532934592  32 0.144120804102  41 0.318888465951  -1 0
3 9 0.163394538562  12 0.112139331241  15 0.287067112691  21 0.204905571378  22 0.116811520537  35 0.230851870252  36 0.074814921635  37 0.155342917238  40 0.310725771450  -1 0
4 2 0.290715475421  3 0.133418359121  5 0.322043526540  6 0.242096167914  7 0.292045734594  10 0.157721995625  14 0.213708740002  19 0.170755661192  24 0.181948687437  25 0.256950740994  27 0.123434401867  28 0.337126257512  29 0.090678278793  30 0.318352099376  33 0.113191466774  34 0.205519612789  38 0.191139838000  -1 0
5 9 0.223924809249  10 0.137204533851  12 0.259801696258  15 0.117281675409  21 0.221387000173  22 0.244591578543  24 0.283629769411  25 0.268571621871  27 0.147317798814  29 0.209163377036  35 0.141550581999  37 0.211829428032  38 0.202382971237  39 0.326962284967  -1 0
6 3 0.258991259203  10 0.070964382915  15 0.307118096865  19 0.308704784695  24 0.083870184064  25 0.124608183034  27 0.114966499623  29 0.164310613575  33 0.252664219980  38 0.051664873004  39 0.233867553692  -1 0
0 1 0.095024505217 6 0.329618986339 7 0.278978261525 9 0.249996839917 17 0.228907596326 21 0.209447139038 22 0.317219638671 31 0.309298364667 32 0.072684548604 40 0.328737276306 -1 0
1 4 0.338838756420 6 0.234772754808 7 0.185657291170 9 0.266786189140 14 0.330410907600 17 0.156130912209 21 0.218178113614 22 0.340947150384 29 0.315618382852 30 0.286512179340 31 0.251878791936 32 0.131007134773 34 0.341031179384 -1 0
2 3 0.213986420292 5 0.032224797876 6 0.154995320021 7 0.195242327269 8 0.233503791413 13 0.086049072000 14 0.086330411781 17 0.270849683423 19 0.138585816428 20 0.276963330185 29 0.296983622939 30 0.106448460294 31 0.278351634943 33 0.178434829906 34 0.089100051387 41 0.272285326241 -1 0
3 5 0.245695713456 6 0.245279898506 7 0.304545030585 8 0.243457631154 10 0.290037035140 13 0.273627976539 14 0.168890743294 19 0.075938001897 24 0.270103463765 27 0.254753831130 28 0.249222744930 29 0.202521104082 30 0.283123878700 33 0.081620533923 34 0.155911101848 38 0.308734801112 -1 0
4 7 0.312307732750 11 0.158777413330 17 0.215694771500 18 0.231977950377 20 0.169941915418 23 0.120158799292 26 0.192535859494 30 0.299181476186 31 0.126324279460 32 0.314318905288 41 0.174220219916 -1 0
5 6 0.168449421939 7 0.200599087566 8 0.242920479029 11 0.324981618047 13 0.066201550046 14 0.113731219031 17 0.263996016816 19 0.170555763805 20 0.246791420108 29 0.324765634724 30 0.100468756316 31 0.260161570150 33 0.210187360067 34 0.118421603415 41 0.242018232498 -1 0
6 7 0.059423759450 10 0.339493627631 13 0.234620040582 14 0.095880615905 17 0.169143595925 19 0.186446769101 20 0.317414748292 27 0.271550113832 29 0.200800495254 30 0.098070067814 31 0.232174944775 33 0.167851411211 34 0.107132520330 41 0.314469324256 -1 0
7 13 0.265409916048 14 0.151801987341 17 0.111610846979 19 0.245406661598 20 0.296458828090 27 0.302797431914 29 0.238041381496 30 0.107557731597 31 0.186899512079 32 0.292032176348 33 0.226320006933 34 0.163974734110 41 0.294344739030 -1 0
8 13 0.204997245973 14 0.279677991136 19 0.224220801058 28 0.272070970396 30 0.339534165909 33 0.287430887875 34 0.270949704629 -1 0
9 12 0.117187133037 15 0.195835765665 21 0.049745470116 22 0.074844154525 27 0.330952307249 32 0.321552564017 35 0.136907310039 36 0.227483416683 37 0.100767612569 -1 0
10 15 0.243802740680 19 0.325561854064 21 0.337907734426 24 0.153035799077 25 0.167964123479 27 0.068802648185 29 0.139822758228 33 0.263351065453 35 0.278024635485 38 0.086370148289 39 0.262009875142 -1 0
11 13 0.322329436721 17 0.305951713392 18 0.090214054499 20 0.079002601156 23 0.113284515131 26 0.115504446160 30 0.303272936662 31 0.204494388701 41 0.083426688635 -1 0
12 15 0.175565283859 21 0.166780151783 22 0.042632760881 35 0.122042436538 36 0.142088860018 37 0.047978457150 -1 0
13 14 0.172148534376 17 0.319600147300 19 0.204058416621 20 0.248899325009 30 0.161427780162 31 0.299519753167 33 0.255361094965 34 0.173762307957 41 0.243738216477 -1 0
14 17 0.252531586740 19 0.098696028697 20 0.332645522901 27 0.285705314599 29 0.211119467033 30 0.114968028457 31 0.291644879993 33 0.108077316535 34 0.013290391145 41 0.328578538093 -1 0
15 16 0.275756912205 21 0.219546956463 22 0.178239835501 25 0.335324383801 27 0.264272843808 29 0.325709667077 35 0.061084343437 36 0.310964839267 37 0.132670485916 38 0.288579284385 -1 0
16 35 0.325831552647 39 0.293792845492 -1 0
17 20 0.253050283776 23 0.327934547849 29 0.340986625768 30 0.164774181286 31 0.102786068981 32 0.215560059176 33 0.336994199705 34 0.265608426666 41 0.252854813112 -1 0
18 20 0.159204251653 23 0.140569524137 26 0.086657462666 31 0.294334492240 41 0.162311201914 -1 0
19 24 0.333825121620 27 0.276941252516 28 0.306481877797 29 0.210560416211 30 0.210010452448 33 0.064736238758 34 0.085407809732 -1 0
20 23 0.176937364504 26 0.194027065758 30 0.226160759044 31 0.160008236345 41 0.005215186960 -1 0
21 22 0.124565165368 27 0.308500661040 29 0.325709485141 32 0.281982465149 35 0.166090042653 36 0.272910380296 37 0.146191018322 -1 0
22 35 0.118489961502 36 0.165868824477 37 0.048100023997 -1 0
23 26 0.075824980349 31 0.228771412703 41 0.182132557417 -1 0
24 25 0.090888685600 27 0.196828444494 29 0.234771668484 33 0.288287351663 38 0.085842219221 39 0.200714127135 -1 0
25 27 0.231248886529 29 0.288428791338 38 0.082341167083 39 0.113268789680 -1 0
26 31 0.287772553290 41 0.198643121756 -1 0
27 29 0.074771457276 33 0.212538975374 34 0.282321434319 35 0.284741566333 38 0.149013362470 39 0.329977603217 -1 0
28 33 0.330811280247 -1 0
29 30 0.292791382482 33 0.145958640062 34 0.208118155573 35 0.336697042905 38 0.209035437235 -1 0
30 31 0.179946027185 33 0.221178068072 34 0.127514824372 41 0.222673088900 -1 0
31 32 0.275894083068 34 0.304756423992 41 0.160971233800 -1 0
32 40 0.332660012448 -1 0
33 34 0.097513491936 38 0.304320406674 -1 0
34 41 0.339018938114 -1 0
35 36 0.262656574843 37 0.075585406834 38 0.334126264072 -1 0
36 37 0.190063522821 -1 0
37 -1 0
38 39 0.185248363554 -1 0
39 -1 0
40 -1 0
41 -1 0
