0.874223729722 0.034670964148
0.858477204574 0.211122407109
0.519821249884 0.698154748897
0.368884115946 0.799557910793
0.244564335327 0.771307968069
0.528160641861 0.628865111181
0.444040870995 0.557426652052
0.761912849259 0.864930630325
0.312812421464 0.486935330582
0.130608717008 0.278063396915
0.457756061602 0.317956464369
0.026836255104 0.867375341722
0.018006243273 0.983286652231
0.171378547336 0.236198895603
0.459147128744 0.947806466387
0.481746234872 0.333370860989
0.982477423741 0.340223439495
0.544493267762 0.502298673405
0.038378188841 0.913377384217
0.301856584834 0.282942524572
0.684685352486 0.830017226242
0.911807635335 0.128726223943
0.387443878693 0.673720484616
0.993656854981 0.700256301128
0.160655820538 0.124265569502
0.978319696532 0.618411877021
0.442222040488 0.005155952842
0.485787218905 0.460228279242
0.988442604113 0.657165766016
0.696427174864 0.447589733227
0.604972231779 0.178173408149
0.780960593976 0.587449656142
0.518396849837 0.325453862903
0.089748329907 0.556775038597
0.238831247209 0.391604914352
0.839717562534 0.923516600506
0.221622141078 0.751525198575
0.052242823874 0.609066019776
0.425245686703 0.045899667370
0.309322318660 0.585901499318
0.170165249526 0.287642017122
0.204313376501 0.612387286256
