0.000000
1.000000
42
7
0.341200
0.000000
0.707614265382 0.284345466178
0.522625164129 0.196262707934
0.630233822856 0.450187678449
0.089756684843 0.727220279630
0.591394093819 0.300535588991
0.213679949753 0.759260151535
0.890646677464 0.143458914943
0 0 0.119408219000  4 0.193391478438  6 0.180741240987  7 0.217290384064  13 0.261432172537  19 0.288088304710  22 0.216200406521  25 0.164388155687  28 0.170639850449  29 0.062876590787  31 0.229930841213  34 0.079515610016  36 0.261858719645  37 0.253581927772  38 0.275260179194  39 0.233055337614  40 0.080091324662  -1 0
1 0 0.180792415404  7 0.013030707719  8 0.288848522933  10 0.141615123527  13 0.323540033754  15 0.337559793527  17 0.295473381312  25 0.248825448111  29 0.190992649512  31 0.026485031108  34 0.197816318115  36 0.253469533206  38 0.107771687426  39 0.050390228868  40 0.258805518638  -1 0
2 0 0.098011893529  3 0.295030117716  4 0.330845913629  5 0.223361526995  6 0.215115906606  7 0.287813162090  14 0.258092494403  19 0.312629664763  22 0.145700363232  24 0.251629943392  27 0.168846289500  28 0.138866870008  29 0.126899109875  31 0.289265277103  33 0.270681068109  34 0.109324542277  37 0.243592449608  39 0.268748713925  40 0.252855960359  41 0.298616922210  -1 0
3 11 0.249901691576  30 0.131269303055  32 0.047673230288  33 0.338431347974  35 0.124392382018  41 0.310254837174  -1 0
4 0 0.056980676815  4 0.310733862425  5 0.283988113088  6 0.271023892879  7 0.137649623711  10 0.264323940217  13 0.336356207418  22 0.261361288899  25 0.241904710179  27 0.321527969169  28 0.228005369601  29 0.075146262197  31 0.142967490135  34 0.076494792843  36 0.301181029021  37 0.331838212671  38 0.225446073589  39 0.132376667985  40 0.193900261453  -1 0
5 5 0.310754316963  9 0.257900129463  11 0.252463963093  30 0.114151567991  32 0.175128248192  33 0.249788072396  35 0.188901570567  41 0.238941176435  -1 0
6 4 0.114280081220  6 0.267676722654  13 0.130690930499  19 0.311584417904  21 0.143822108666  25 0.129150053723  28 0.323861508564  29 0.293631180675  34 0.309479643052  36 0.219785678498  37 0.334190851337  40 0.151941470980  -1 0
0 4 0.304181628018 5 0.257230964622 6 0.236008345503 7 0.193294815712 10 0.318050757213 22 0.210227137108 25 0.271134346962 27 0.266012941473 28 0.181751673690 29 0.057582033290 31 0.196989585932 33 0.318585250981 34 0.045124211342 37 0.289082165711 38 0.282426167527 39 0.181624629896 40 0.199260629496 41 0.332360029631 -1 0
1 2 0.332750245029 8 0.278835433938 15 0.209538431134 16 0.143007221995 17 0.264734990704 23 0.215031821721 -1 0
2 5 0.315829462077 8 0.158040072023 11 0.158838422217 15 0.190686423852 16 0.192306423176 17 0.166797143371 20 0.034300240722 41 0.290235739097 -1 0
3 9 0.233085323751 12 0.140347809763 14 0.150226771344 18 0.247393612613 22 0.253419943930 24 0.048595241772 26 0.249364416742 27 0.135071178198 28 0.299550054481 33 0.334628819131 37 0.308898947081 -1 0
4 6 0.160024019812 13 0.233485483282 19 0.198101845268 21 0.241421037712 22 0.267196782811 25 0.187458507997 28 0.227160336080 29 0.247534033615 34 0.259263296412 36 0.303396683518 37 0.221350726968 40 0.122887693893 -1 0
5 9 0.235538164758 11 0.214027842344 14 0.219167957822 20 0.284275126214 24 0.332845203552 27 0.234109147107 29 0.313307640367 33 0.069186977601 34 0.297541909346 39 0.307612043859 41 0.076269769843 -1 0
6 19 0.111157245095 22 0.110574328170 24 0.309626433030 25 0.288079952849 27 0.295017277192 28 0.080930109105 29 0.195953908195 34 0.196572449603 37 0.077371980097 40 0.174357082929 -1 0
7 8 0.280432603008 10 0.128593678386 13 0.327752522043 15 0.327574744961 17 0.286568477397 25 0.255685179326 29 0.204022690612 31 0.018217068532 34 0.210813306291 36 0.254444764540 38 0.098380165275 39 0.049834066504 40 0.269802433647 -1 0
8 10 0.217714042274 11 0.287308605071 15 0.071092619315 16 0.184539927171 17 0.015802398511 20 0.150037634547 23 0.216799407966 31 0.262821316767 38 0.308660764609 39 0.247200747342 -1 0
9 14 0.105111085296 18 0.191083439871 24 0.250421116055 27 0.215134777536 33 0.178376944443 41 0.223246470690 -1 0
10 15 0.240526088107 17 0.216938448124 23 0.222806767906 29 0.332581383488 31 0.121366852789 34 0.338930292756 36 0.300687553119 38 0.097589152287 39 0.140140625939 -1 0
11 15 0.338532785351 17 0.300585751194 20 0.144615258479 32 0.272642524278 33 0.211751367043 41 0.159421018108 -1 0
12 14 0.288955123818 18 0.307297314430 22 0.313293308988 24 0.161109417972 26 0.175302001285 27 0.263870327687 37 0.324784011941 -1 0
13 21 0.171237164916 25 0.097656504614 29 0.319693749912 34 0.337479146773 36 0.102274415202 38 0.297171315506 40 0.203826276902 -1 0
14 18 0.233056022155 22 0.295880252889 24 0.154228582080 27 0.111025324624 28 0.330344942929 33 0.188946594637 41 0.241664633867 -1 0
15 16 0.136365496604 17 0.055972605947 20 0.194530081325 23 0.166975518265 31 0.311076661118 38 0.337334511286 39 0.301249801355 -1 0
16 17 0.175602999171 20 0.217170562004 23 0.250900277448 -1 0
17 20 0.161366615850 23 0.202395250965 31 0.269227748937 38 0.309872125834 39 0.255342701370 -1 0
18 24 0.291250696026 26 0.241540911746 27 0.323359625952 -1 0
19 22 0.177593888800 24 0.331046617607 28 0.174062587709 29 0.307109117473 34 0.307483871989 37 0.075350963885 40 0.264814564696 -1 0
20 33 0.313164244167 39 0.324146342022 41 0.263050708847 -1 0
21 25 0.237888804359 36 0.271051825787 40 0.294405703847 -1 0
22 24 0.205058776965 27 0.184889846180 28 0.047778136385 29 0.196661532477 34 0.187460408440 37 0.103311729111 40 0.247202141566 -1 0
23 31 0.337595302066 38 0.308962193122 -1 0
24 26 0.292333659424 27 0.102775174026 28 0.251008769216 33 0.325427700643 37 0.264840188498 -1 0
25 28 0.314343359070 29 0.222040639861 31 0.273731407560 34 0.239830266322 36 0.120208462553 38 0.251710196433 39 0.296522057264 40 0.115866934845 -1 0
26 -1 0
27 28 0.219937715426 29 0.292802519652 33 0.236772210957 34 0.275930863830 37 0.275443645030 41 0.285621729102 -1 0
28 29 0.158276575663 34 0.151878209463 37 0.108698043858 40 0.199498565228 -1 0
29 31 0.212488073374 34 0.017824339464 36 0.308128031791 37 0.258582663157 38 0.280486342191 39 0.206206683693 40 0.142067087690 -1 0
30 32 0.159091611443 35 0.097378470055 -1 0
31 34 0.217975610614 36 0.271721376986 38 0.106434368935 39 0.035237882754 40 0.285184046713 -1 0
32 35 0.119460013181 -1 0
33 41 0.052769966527 -1 0
34 36 0.325397340690 37 0.255411376051 38 0.291068165299 39 0.208871455907 40 0.157609975175 -1 0
35 -1 0
36 38 0.204385401547 39 0.303540487622 40 0.232482266997 -1 0
37 40 0.251678236280 -1 0
38 39 0.140838098737 40 0.305569842837 -1 0
39 40 0.295534089539 -1 0
40 -1 0
41 -1 0
