0.807396206539 0.917522741947
0.470596595667 0.810158703942
0.192017317750 0.484016267583
0.347430420108 0.541335694026
0.348904923536 0.718883397058
0.068167644553 0.921986222267
0.571846493054 0.090890303720
0.501550286543 0.805899207015
0.761456351727 0.819545056205
0.486503957305 0.029088142794
0.866033675615 0.033203675877
0.335062625818 0.569703042042
0.995274931192 0.865974607412
0.681706868112 0.178449530620
0.128116142470 0.696877060924
0.936681096908 0.935512349010
0.614399802871 0.407277692575
0.745671053417 0.806417121086
0.891293960623 0.093101473525
0.347752815112 0.240198884159
0.811984871048 0.415920459665
0.162185106426 0.383831364103
0.506810763385 0.663735393435
0.189730571117 0.268267115578
0.483280449640 0.676234528422
0.297355258372 0.349314125255
0.709438204300 0.632417884190
0.919017167762 0.704713135958
0.498392492067 0.600724035874
0.883162666578 0.626508634537
0.297601096798 0.819843763486
0.562020983547 0.912000899669
0.227121456526 0.307692036964
0.718418020755 0.118415417150
0.400793510955 0.066170835868
0.358614301309 0.212778382003
0.482091295999 0.520799407735
0.596609746106 0.988902059384
0.184534801170 0.786340317223
0.257169174962 0.667815250810
0.462574845646 0.554524433333
0.017129376531 0.172013049945
0.186942317989 0.936146544293
0.876726185903 0.685334810056
0.536870580167 0.759888852481
0.311843444593 0.834471676964
0.579732616432 0.873864428140
0.746472576633 0.806854072958
0.181556465570 0.464890597854
0.925269490108 0.582349976525
0.531061433721 0.283883791417
0.795128358528 0.013152729720
0.804683199152 0.391738104634
0.002054789569 0.989218000788
0.178078421857 0.259223964531
0.657033251598 0.640653267503
0.813748398330 0.674162628129
0.812666317448 0.000690716319
0.610309172422 0.689392503817
0.686025526375 0.147179752588
0.449281356297 0.997868970968
0.981651429553 0.029013972729
0.871733399108 0.728124006651
0.835868045688 0.053289864678
0.193014604505 0.761137535796
0.635639841203 0.724076038226
0.045021327212 0.430768199731
0.737228768412 0.849704526830
0.822506304365 0.739283557981
0.838922527619 0.000584726222
0.998507522512 0.495955779217
0.641237993725 0.812255920842
0.170118407812 0.453904311638
0.812946637161 0.780427580234
0.143296815455 0.498972163536
0.927607333288 0.592578171752
0.496841134503 0.909258762840
0.621592144947 0.368574534077
0.637382769492 0.457460190635
0.421864398755 0.830397373997
0.218597726896 0.057504240423
0.554473412689 0.263619054109
0.488272440154 0.291702181101
0.113323580939 0.310778744984
0.030985739082 0.952246108558
0.311363471206 0.029493261594
0.448201888241 0.952601465397
0.841749182902 0.618320296053
0.406505777035 0.654695820063
0.398747876287 0.549802592490
