0.261266512331 0.986338537652
0.105905083008 0.674314613920
0.350280570798 0.996574247722
0.694207501132 0.529619706329
0.373212183360 0.283920605667
0.146968202665 0.984420611523
0.793192915153 0.966271529905
0.658331716433 0.395818511024
0.594466859475 0.647903927602
0.915914854966 0.482218576130
0.926674852148 0.580212666653
0.125668317080 0.664129118435
0.555756369140 0.735708340537
0.206707864534 0.078954154626
0.402320675552 0.757421706337
0.929582639132 0.663587187883
0.743760243990 0.035487722140
0.337901801802 0.094040815253
0.032061969861 0.032109302934
0.623660521582 0.405274153687
0.316029908601 0.770628724247
0.389694765210 0.109222823754
0.736900254153 0.048026481643
0.505041335244 0.331367113627
0.695930409245 0.420956190210
0.813585690223 0.622605261859
0.001168856863 0.939254007302
0.286734380294 0.556925226003
0.674962348305 0.493442244828
0.635879381094 0.077283023857
0.250863951631 0.565462020226
0.740870212205 0.994624195620
0.600949742366 0.078772014007
0.088665010873 0.633011712227
0.110881317407 0.712325532455
0.038285865914 0.426911226008
0.482954256702 0.427980631124
0.536134050228 0.219854511321
0.476007113233 0.041175385471
0.551221624948 0.171937522478
0.462131575681 0.364807315171
0.794542784337 0.463300433010
0.304061322939 0.081277165096
0.020225659013 0.979023671243
0.574719409924 0.656105040107
0.056306695100 0.825583361555
0.221567060333 0.797176907305
0.820207557641 0.822516802698
0.875948921777 0.908872568514
0.455528515391 0.986830239184
0.621198101435 0.493814381305
0.413741465192 0.104152358137
0.921795012895 0.949875515420
0.324006869458 0.397802126128
0.991050900891 0.875228494871
0.569739648607 0.453182477038
0.240035810042 0.364282433409
0.916482910048 0.544097132981
0.445559598505 0.936708569061
0.523120804224 0.020279008429
0.592813609634 0.579427499790
0.845862370450 0.814380669966
0.376604407094 0.666069928091
0.636897473130 0.252553328872
0.574942496605 0.092425988521
0.239383568056 0.196140598040
0.586240369827 0.653125033714
0.300292956643 0.508035382722
0.603000549134 0.624299826100
0.905837508850 0.594051450491
0.499528320972 0.475577157922
0.047233927529 0.739564131480
0.839859591331 0.963716837578
0.283661264461 0.285419189837
0.900425406639 0.806782069150
0.305698198266 0.493239016272
0.386209568940 0.151560568716
0.307619686704 0.762813976035
0.817630496807 0.944517159835
0.015367305372 0.392572993878
0.036943148356 0.254750873428
0.588713591918 0.623183518182
0.907875907142 0.889006548561
0.131218901370 0.510876456741
0.513306375127 0.037056410220
0.104927907232 0.012834696099
0.512633568142 0.152161834762
0.752398827579 0.352493159473
0.115878672339 0.036060092505
0.637912349310 0.016304078978
