0.000000
1.000000
42
7
0.341200
0.000000
0.481615926139 0.084459432401
0.513922196813 0.637182391714
0.113289311063 0.571731416509
0.392514969688 0.155987970065
0.658261903562 0.070965159684
0.934710621368 0.840459676459
0.087942631450 0.391406877432
0 0 0.315508071339  3 0.274055690065  4 0.135081221752  13 0.255069016361  16 0.339573643632  19 0.331396764014  22 0.331933080890  23 0.094927063508  33 0.287374779379  34 0.189437820776  35 0.202533088551  39 0.166862856356  -1 0
1 0 0.247205321099  2 0.287163888479  5 0.254847308129  6 0.329904005787  8 0.038204076939  11 0.053679231646  15 0.151959395041  21 0.321696307069  22 0.245430987143  26 0.161302026767  28 0.320513300713  29 0.252770493306  30 0.290507897598  31 0.150541934631  32 0.312426119812  38 0.326690144766  41 0.201066237892  -1 0
2 7 0.182234035118  14 0.254291411804  15 0.322610258725  16 0.291928762583  19 0.282172454463  21 0.285917744473  24 0.183092310299  25 0.277655763863  26 0.244667979783  31 0.330097710611  32 0.128192590136  37 0.054593417919  38 0.127514693304  40 0.060302042167  -1 0
3 0 0.249119274127  3 0.304128299167  4 0.056312617784  12 0.295616038216  16 0.225321660347  17 0.310830906572  19 0.226595922503  22 0.309296260170  23 0.205351842330  34 0.137152464837  35 0.190119740143  39 0.194750652967  41 0.309856917753  -1 0
4 3 0.215026667553  4 0.272942641864  13 0.081006890108  22 0.339056664235  23 0.086813017041  33 0.140140546037  35 0.240791249180  39 0.172449957164  -1 0
5 1 0.246614880225  2 0.236614530110  6 0.167323987088  9 0.179946017991  18 0.060663875782  20 0.062229816626  28 0.178904768473  36 0.052328008308  -1 0
6 12 0.172144618248  16 0.159920305998  19 0.219241798276  24 0.057163629600  25 0.098198554366  32 0.184898839417  37 0.127735019628  38 0.300319571179  40 0.231525353802  -1 0
0 3 0.244947320447 4 0.195737047619 8 0.234941082549 11 0.285920878052 15 0.113864472780 16 0.251395196144 19 0.148143850414 22 0.131130767076 26 0.230976760282 31 0.340807288327 32 0.250533963414 35 0.147753986058 39 0.216271030313 41 0.083511449049 -1 0
1 2 0.080739937512 6 0.107239721635 11 0.313379680334 18 0.193298528003 20 0.297317724650 27 0.171674801866 28 0.101954194917 36 0.197568206924 -1 0
2 5 0.332822489901 6 0.069456740894 8 0.325159118921 11 0.239784218030 18 0.197537253727 20 0.295755293286 22 0.328542341039 27 0.247267026101 28 0.058077105647 36 0.197519352065 -1 0
3 4 0.260021441874 13 0.255565973122 15 0.326956070384 22 0.144131581649 23 0.247543157155 33 0.143654263994 35 0.130397666391 39 0.111712086099 41 0.207795493807 -1 0
4 12 0.316882373465 15 0.305737282408 16 0.222701575208 19 0.197232891430 22 0.253627959973 23 0.212011886393 33 0.336483140613 34 0.191833216912 35 0.138496635150 39 0.156160480651 41 0.253759927786 -1 0
5 6 0.321735693607 8 0.270824109848 9 0.283789904799 10 0.308061558839 11 0.224226817449 21 0.326064810511 28 0.320268255314 29 0.073199560470 30 0.068543328223 31 0.227431575885 -1 0
6 9 0.285270463381 11 0.278458658677 18 0.131993890949 20 0.227079488336 27 0.276508088869 28 0.011654515131 36 0.130601564035 -1 0
7 10 0.230689414531 14 0.114035735123 21 0.123838797882 26 0.248812418966 31 0.250084010691 32 0.249357652706 37 0.236824195461 38 0.085525699353 40 0.144821200599 -1 0
8 11 0.090655804166 15 0.129836111385 19 0.316450253584 21 0.294977452469 22 0.253519939680 26 0.123131073686 29 0.258458521464 30 0.298572174315 31 0.128606679285 32 0.275786082730 38 0.289857154374 41 0.201357605238 -1 0
9 18 0.236592134454 20 0.188907425767 28 0.293913638494 30 0.324059855251 36 0.226427088096 -1 0
10 14 0.244443574261 21 0.126865536901 29 0.235959779030 30 0.248401897376 31 0.249507468338 38 0.285199764555 -1 0
11 15 0.200439569405 22 0.261158721640 26 0.213226206163 28 0.269449857904 29 0.236703997599 30 0.269907068865 31 0.177917588706 41 0.228259179096 -1 0
12 16 0.139787903809 17 0.200386416323 19 0.248564934337 24 0.200161200343 25 0.099731181731 32 0.317890827527 34 0.247591779270 37 0.298419619542 -1 0
13 23 0.161061941730 33 0.135367503283 35 0.309798349748 39 0.241592655324 -1 0
14 21 0.190419111416 37 0.304842010837 38 0.195016971797 40 0.198732325264 -1 0
15 16 0.298465782214 19 0.191223494056 22 0.186504354026 26 0.123741363282 31 0.227013950033 32 0.202810490436 35 0.254969760911 37 0.328576603630 38 0.291051284894 39 0.322845635423 41 0.119958860040 -1 0
16 17 0.299056389105 19 0.108832837469 24 0.214769438135 25 0.171658131563 26 0.338072932600 32 0.213605523423 34 0.250071085704 35 0.319116513470 37 0.248311830856 41 0.334759576330 -1 0
17 25 0.289809688249 34 0.185171211339 -1 0
18 20 0.104019332425 27 0.322171408994 28 0.143397083298 36 0.010660694720 -1 0
19 22 0.277821122733 24 0.275825226497 25 0.266021844393 26 0.248673006570 32 0.167244992111 34 0.304562956866 35 0.247174843910 37 0.255148223319 38 0.330006934826 39 0.305501404129 41 0.230028416787 -1 0
20 28 0.238729892482 36 0.100503130744 -1 0
21 26 0.237505161483 29 0.255721566777 30 0.285858393705 31 0.172509843382 32 0.310271309715 37 0.338652932663 38 0.160540108271 40 0.261869697042 -1 0
22 26 0.307038835414 33 0.287778697504 35 0.129572821046 39 0.178889698816 41 0.066803632625 -1 0
23 33 0.215860335860 34 0.278926583483 35 0.224753609482 39 0.165146975679 -1 0
24 25 0.106087935592 32 0.221190864532 37 0.130659530224 38 0.309322996262 40 0.220992028870 -1 0
25 32 0.277319753556 37 0.223081199018 40 0.322587990403 -1 0
26 29 0.314610911435 31 0.134221875161 32 0.159873348088 37 0.269239529855 38 0.178121568973 40 0.274180324874 41 0.241727131074 -1 0
27 28 0.272695694020 36 0.330224153387 -1 0
28 36 0.142156580865 -1 0
29 30 0.042700264417 31 0.182350798192 -1 0
30 31 0.224860284822 -1 0
31 32 0.281628173972 38 0.219347467095 40 0.337953767564 41 0.323961593818 -1 0
32 37 0.125802522414 38 0.165497968828 40 0.182667624436 41 0.306856319318 -1 0
33 35 0.242888795632 39 0.186590259726 -1 0
34 35 0.327124941731 39 0.324895254532 -1 0
35 39 0.068553388564 41 0.157739144374 -1 0
36 -1 0
37 38 0.178720670319 40 0.106370695409 -1 0
38 40 0.119588071058 -1 0
39 41 0.220113003001 -1 0
40 -1 0
41 -1 0
