0.610725279432 0.354136921000
0.008250891231 0.058327089995
0.154741746373 0.357096490916
0.703663826920 0.735933728050
0.899122779258 0.257424228359
0.420671013650 0.527478044853
0.840859455988 0.406464733183
0.513234843966 0.187228261027
0.234824924264 0.220849109348
0.471573727205 0.757450088393
0.417111817282 0.101807550061
0.207637767307 0.506868502125
0.829027830157 0.799031861126
0.807404091582 0.042707779910
0.558292013127 0.698050769046
0.186166694853 0.169017292559
0.052187690046 0.194417586550
0.227344382554 0.206929436419
0.551514077466 0.931008209474
0.942863164935 0.450636856724
0.188432437833 0.363534178585
0.978114901576 0.029291893821
0.769998911768 0.491349745542
0.216520154849 0.004823836032
0.712198854890 0.688093882520
0.762273924891 0.129310672171
0.789901432581 0.969911692198
0.636179174762 0.618929262739
0.768943553325 0.443583266344
0.661637043115 0.327235566452
0.141634035390 0.847803737968
0.496252859011 0.193821725436
0.042221324518 0.723597241566
0.400751161855 0.593735401984
0.654605451040 0.343614326790
0.044372259174 0.843037888873
0.707148505375 0.022487160750
0.872329783160 0.477147417143
0.513836906757 0.088849938009
0.481971253641 0.226035761647
0.776943820529 0.244245178532
0.355346434284 0.566845253576
