0.257041760720 0.795928040054
0.186647161841 0.411772734951
0.529025161173 0.367955016438
0.541289228015 0.759209961165
0.114805893507 0.204503577203
0.614497311413 0.141659540590
0.474966115784 0.298590185121
0.727607032284 0.138159811031
0.913831332233 0.918403865770
0.330737635493 0.645308683161
0.604726964142 0.632167844102
0.966776805930 0.053588417824
0.636621012352 0.115139882546
0.189315140713 0.759439290036
0.630583064165 0.765480066184
0.039637932554 0.887624825351
0.561408106238 0.226285094395
0.299397560302 0.090433267877
0.594240111299 0.840686788317
0.849643229041 0.709046004806
0.045190365985 0.464140540920
0.850705545861 0.520156481769
0.762730726041 0.578312578145
0.658316292800 0.676562058274
0.496716443915 0.989053928293
0.321870741434 0.101443408057
0.621221772395 0.288647547364
0.155031825881 0.257842784747
0.403787430376 0.344346967060
0.017282074783 0.034370494541
0.109827033244 0.056920007803
0.921995319892 0.671235139482
0.283205102198 0.221392880660
0.761668407358 0.877445213497
0.062079668976 0.611311636865
0.586491218768 0.107270034961
0.075452177785 0.437196764629
0.627426516730 0.838182903826
0.015509342775 0.285742809530
0.514744962100 0.512225787155
0.274796737824 0.836615703534
0.613669195212 0.896018510219
0.125263250899 0.768701021560
0.153861294966 0.529050681274
0.113047988620 0.171143370215
0.563421176281 0.222875021864
0.228063378017 0.485416496173
0.894110161345 0.511268480215
0.706809376832 0.655778569169
0.388713694178 0.768889046274
0.267090206034 0.975204912946
0.876159081236 0.342542383820
0.412401677575 0.503585598432
0.180725287646 0.427911020350
0.789328407962 0.695470249746
0.940136807505 0.064125146251
0.532085953280 0.553806003183
0.960143656470 0.657349204179
0.322507024743 0.114004951902
0.186399885919 0.435555013362
0.285148322117 0.749821062200
0.658430035226 0.513211700134
0.235237558372 0.552540196571
0.024480180349 0.942046935670
0.208318765741 0.413193874527
0.710935981944 0.475408971775
0.388398787472 0.587095063180
0.817951355595 0.800800465047
0.090680661611 0.998676643241
0.228711485863 0.880009070039
0.694146892987 0.168848293368
0.944134216290 0.226232846268
0.722654296551 0.904277872760
0.883582050912 0.045161321294
0.018282824662 0.069981936831
0.480716334656 0.303431146778
0.819802999031 0.139146369882
0.816642846912 0.055040557403
0.691686566919 0.841123027727
0.997087493073 0.900005332660
0.254316902254 0.708023475017
0.375414304901 0.642715690192
0.295118538663 0.193365660496
0.443516155239 0.385799200274
0.192042304203 0.672227641102
0.265808270313 0.886189197190
0.841075934935 0.209942486603
0.112422043923 0.563730231486
0.114220359828 0.996004094835
0.608891553245 0.132503184490
