0.999409756625 0.380911423359
0.499428930228 0.944866612088
0.166374225168 0.204170754644
0.150281983894 0.650336565915
0.102615615829 0.829612879534
0.691700783559 0.408441307489
0.475753264035 0.581473670432
0.497748002405 0.837517109702
0.934833650011 0.712669062429
0.069399653003 0.868269694965
0.814088941552 0.877759828697
0.156787388958 0.513552789111
0.743927197998 0.588141825050
0.620681397155 0.065592409582
0.269196025562 0.478309366852
0.571014831309 0.268605782186
0.859220790213 0.070443762004
0.213472394708 0.025595015803
0.274614516645 0.363754378632
0.675931581761 0.377230132930
0.193367258645 0.367632365785
0.785671440419 0.669120522681
0.949106036220 0.283419442829
0.506637632381 0.883939686228
0.996088505720 0.576037285849
0.752209381664 0.810177447277
0.453797114551 0.908996770619
0.323730236384 0.197724312543
0.497138596137 0.944411633540
0.263316722585 0.766334621699
0.422721000390 0.834331553894
0.034940404351 0.281941791066
0.904775315897 0.248412799090
0.307536806911 0.179389833007
0.612167177667 0.983468388287
0.556619965936 0.805534436367
0.351100754458 0.342291406355
0.474654959515 0.300206791144
0.625710849650 0.981292591894
0.184146477376 0.621799355372
0.557329877746 0.936355859042
0.431976802647 0.011126992291
