0.471441139467 0.296985512599
0.530974156223 0.949466855265
0.800682284869 0.118280894123
0.386819566134 0.080236302223
0.991290652659 0.323976635467
0.230449888855 0.855588187929
0.498749983497 0.493758928496
0.011170155369 0.905586359557
0.302831172477 0.385878641624
0.424796971958 0.378474732395
0.433226209134 0.298271857202
0.613201324362 0.953054642770
0.446795623749 0.233388324268
0.188720440492 0.992355833761
0.812928734813 0.131457061972
0.852375546005 0.284369874746
0.428442574572 0.383349702228
0.233836730011 0.229124859441
0.501630596351 0.620656296145
0.309361162130 0.492921249010
0.944632932078 0.539811050985
0.348509437405 0.443382915575
0.033569979481 0.359679592773
0.348969275597 0.336401151959
0.745558234863 0.773766247556
0.714875884354 0.178784443997
0.072038104758 0.328077208716
0.131839086767 0.518833728507
0.561465532985 0.320559527259
0.511189562734 0.374394268263
0.452016589232 0.363565108739
0.658764143009 0.880459163804
0.746914811432 0.892600873020
0.109584023710 0.248545407783
0.513257169630 0.418945185840
0.741466657259 0.457890101708
0.958756236825 0.089976094663
0.901273017284 0.992326216307
0.449655687436 0.250242292881
0.328727368265 0.195213922299
0.024008540437 0.043603253085
0.373998366762 0.096046645660
0.371680461802 0.505837453529
0.614880374167 0.933145995252
0.826396981254 0.126069936901
0.307540263515 0.278413570486
0.489635046106 0.966304406524
0.158872734755 0.236549857538
0.858905279543 0.268456758466
0.485095265321 0.372162449174
0.687401944306 0.226561922580
0.830052550882 0.646158181131
0.316538017243 0.731325568631
0.638484397437 0.766193705145
0.981567861512 0.967211765703
0.961407627445 0.005576402415
0.010815018788 0.335405994207
0.101623048075 0.382495481055
0.841243448202 0.716503422242
0.315641476307 0.667640429456
0.842573359609 0.623181739822
0.946053999942 0.332208405714
0.589486146346 0.104926734697
0.568758263253 0.448391425889
0.373383493163 0.053853528574
0.820553875528 0.060785437468
0.280415451620 0.650606426410
0.706943618599 0.596953468863
0.381931995042 0.345428016037
0.363147174008 0.363499857020
0.312639782205 0.324554801919
0.369076259434 0.323454800993
0.659960796125 0.470699307509
0.705950282048 0.501204244327
0.187202729750 0.021591758355
0.168844673783 0.029776089359
0.644773498178 0.114898674190
0.361984495074 0.234259644523
0.219825408887 0.930742758326
0.682651070878 0.593208902515
0.984596287366 0.503204946406
0.653994339984 0.265011738986
0.153811372817 0.360937959049
0.861965207849 0.535743368324
0.706365975086 0.225112382323
0.899243225344 0.019005757291
0.549667184241 0.268319484778
0.342460558750 0.209627980366
0.739018792287 0.048410840798
0.710832225159 0.926221522037
