0.000000
1.000000
42
7
0.341200
0.000000
0.214921060018 0.231882543303
0.933436044957 0.101419878658
0.808360175230 0.288517693989
0.699463847559 0.866167369299
0.431354436092 0.107128607575
0.321665211581 0.681054200511
0.857627969701 0.505422421731
0 2 0.055899359607  11 0.287606764671  14 0.252333016566  17 0.206292614059  18 0.144753202787  20 0.137450284313  27 0.114044822724  31 0.186812645987  33 0.106457321058  36 0.175314078780  37 0.268570105169  41 0.309590388594  -1 0
1 0 0.287172516426  13 0.314800059189  16 0.080420294952  22 0.182672904352  32 0.149760996416  -1 0
2 0 0.212218151386  5 0.167305369729  12 0.306473862620  13 0.291408658367  15 0.238179126946  16 0.223926420882  19 0.159396452880  22 0.140838167947  32 0.104423569871  37 0.333909877044  -1 0
3 1 0.214959389113  7 0.203740323842  8 0.280999420139  10 0.115209796839  12 0.281558506863  21 0.215079540702  23 0.193643498494  25 0.076921796238  26 0.249372214424  28 0.216927804230  30 0.278567985602  34 0.146219826668  35 0.155179660628  38 0.136723522404  40 0.158519681640  -1 0
4 2 0.282190875984  13 0.193829703420  15 0.213494505578  17 0.232637723778  18 0.300706150118  27 0.140678890106  33 0.143361396467  36 0.248479768485  37 0.197874001069  41 0.096003632624  -1 0
5 1 0.318114646266  3 0.174114283756  4 0.264674151591  6 0.183465009961  7 0.235554221312  9 0.314145751857  11 0.235034931902  14 0.209424170184  18 0.320769301615  20 0.338664452239  23 0.274549297527  26 0.263470406405  28 0.316461761068  29 0.103331004090  30 0.183592536645  35 0.265892959127  36 0.340039235808  39 0.149741573819  -1 0
6 0 0.188693041256  5 0.192190446227  8 0.221160320023  12 0.140607130586  19 0.222366454975  21 0.178815017158  22 0.240111555939  24 0.155427729411  25 0.322472796213  32 0.261298332148  -1 0
0 5 0.308938030396 8 0.337984030134 12 0.328961665164 16 0.340651016516 19 0.323499121345 22 0.109704833778 24 0.195154126065 32 0.162823716961 -1 0
1 7 0.107362661952 10 0.321736294353 23 0.061351900387 25 0.286424733129 26 0.058042296033 28 0.002335087945 29 0.296011226456 30 0.134544065606 34 0.119163793175 35 0.150612980040 38 0.131430495617 40 0.058523094937 -1 0
2 11 0.309530532708 14 0.292787126320 17 0.184682246208 18 0.192828664217 20 0.165675351736 27 0.157488002341 31 0.152719295967 33 0.143321207646 36 0.230653864161 37 0.322893065077 41 0.328345280682 -1 0
3 4 0.185504930595 6 0.332676498376 9 0.232458168687 11 0.136938387211 14 0.209126532328 18 0.312390666904 20 0.285968539654 29 0.161964196962 30 0.328750928988 39 0.044285170253 -1 0
4 9 0.050967142006 11 0.320668928605 29 0.172710693452 30 0.320140161676 39 0.223234724486 -1 0
5 6 0.276719225596 12 0.187135978307 15 0.184713489512 19 0.034968630837 21 0.277099508452 22 0.286160672946 32 0.266476790417 37 0.242535771100 -1 0
6 7 0.256986402961 11 0.326117272747 12 0.268256823104 14 0.230886912361 15 0.327049050903 18 0.296409321251 19 0.285983883287 21 0.322073356180 23 0.304038706286 26 0.328258211867 29 0.281607626755 30 0.258359304489 35 0.238207158387 36 0.269715412229 37 0.281269023638 39 0.294381858973 -1 0
7 10 0.318890367069 21 0.333552569581 23 0.047266067457 25 0.255925869490 26 0.083910800674 28 0.106896260937 29 0.244999941953 30 0.075094598994 34 0.185454909649 35 0.066998503588 38 0.192473061893 40 0.115408397614 -1 0
8 10 0.204534216523 12 0.227930485609 21 0.155389317795 24 0.149734430641 25 0.207025381304 -1 0
9 29 0.219076673880 39 0.271872142751 -1 0
10 12 0.297995399789 21 0.210565700876 23 0.307513411333 25 0.091632189816 28 0.323882670955 34 0.227918183479 35 0.267407518035 38 0.214954270867 40 0.263360421512 -1 0
11 14 0.117804076311 18 0.190585402907 20 0.150435557000 29 0.274312146671 31 0.261706595395 36 0.259013793523 39 0.111650520942 -1 0
12 19 0.221601321522 21 0.091105056092 24 0.252451668609 25 0.222190036012 35 0.286955652736 -1 0
13 15 0.209000471818 16 0.238588720735 19 0.316497477898 27 0.325021278783 32 0.337835240153 33 0.333180713691 37 0.276346935077 41 0.196407499009 -1 0
14 18 0.114683064887 20 0.134161844267 27 0.285835534620 29 0.288085254108 31 0.305672898519 33 0.301368384587 36 0.158774274343 37 0.271907890682 39 0.166801686000 -1 0
15 18 0.311297931149 19 0.151019118328 27 0.257242791201 32 0.334370778685 33 0.278172886759 36 0.231930533579 37 0.101409312488 41 0.292620745434 -1 0
16 22 0.231166602420 32 0.183706812538 -1 0
17 27 0.204414496615 31 0.312389725754 33 0.180280224714 41 0.218982876000 -1 0
18 20 0.081339754837 27 0.173142533107 31 0.253252797789 33 0.187280973085 36 0.079440567430 37 0.209891578342 39 0.273444100596 -1 0
19 21 0.311837836395 22 0.288833391674 32 0.262608758708 36 0.326704424490 37 0.215510727907 -1 0
20 27 0.214157074414 31 0.180116469978 33 0.220158890118 36 0.159756126412 37 0.289255905343 39 0.254334192359 -1 0
21 24 0.230086571425 25 0.144971601880 35 0.266595824816 -1 0
22 24 0.296365575759 32 0.056486085634 -1 0
23 25 0.256410514493 26 0.058480576290 28 0.061213463391 29 0.270251764742 30 0.097483167362 34 0.145060151487 35 0.092981809371 38 0.153805134219 40 0.072918851555 -1 0
24 25 0.338080822205 32 0.340111603684 -1 0
25 26 0.314348755102 28 0.288235879776 30 0.330372538604 34 0.222803880703 35 0.195644517162 38 0.212796314162 40 0.232161608894 -1 0
26 28 0.055970497065 29 0.237981655715 30 0.080874096350 34 0.175005996482 35 0.145866354509 38 0.186496697264 40 0.107086660114 -1 0
27 31 0.300819132992 33 0.024461813056 36 0.147135277459 37 0.182430618241 41 0.215721763001 -1 0
28 29 0.293911705612 30 0.132874386137 34 0.121478412496 35 0.151079148946 38 0.133757352928 40 0.060727966243 -1 0
29 30 0.173301201869 35 0.295911165774 39 0.164797970071 40 0.339633562171 -1 0
30 34 0.241105059246 35 0.136960603653 38 0.250604121262 39 0.319511718783 40 0.168903844550 -1 0
31 33 0.291248524099 36 0.321868673600 -1 0
32 -1 0
33 36 0.168626036321 37 0.206216425881 41 0.209278991072 -1 0
34 35 0.186402747083 38 0.013717329949 40 0.072296057410 -1 0
35 38 0.188850415533 40 0.130823348853 -1 0
36 37 0.130524926449 39 0.325573991898 41 0.340897058234 -1 0
37 41 0.292213201580 -1 0
38 40 0.081824612913 -1 0
39 -1 0
40 -1 0
41 -1 0
