0.000000
1.000000
42
7
0.341200
0.000000
0.638072342146 0.027298228350
0.887954058591 0.776988785714
0.295353201218 0.947344929446
0.558720435016 0.382585742511
0.641972764861 0.744018151890
0.513684165198 0.550639183261
0.602395360358 0.934959514532
0 9 0.247104123955  10 0.214334305217  13 0.155476537432  27 0.323284065631  31 0.290802350478  -1 0
1 0 0.133840595780  2 0.129957095694  4 0.311286503250  5 0.257227554545  21 0.282591574701  25 0.315969957316  32 0.268462994758  35 0.283361245612  38 0.134796989175  -1 0
2 7 0.244962316554  8 0.264587455100  15 0.288741708044  17 0.097541848150  19 0.146359704459  20 0.163068721560  22 0.231751153009  25 0.309011713257  28 0.205927808096  33 0.194069298865  37 0.308078244475  40 0.168370194617  41 0.182558929042  -1 0
3 1 0.112071374201  10 0.219329585608  12 0.279254720679  21 0.256418825298  23 0.169320560228  24 0.133273500891  26 0.241068446990  31 0.150450488178  34 0.229283436178  36 0.275916011067  37 0.317078329334  -1 0
4 0 0.116594561568  2 0.141360633773  4 0.223996221715  5 0.099918385173  12 0.116821833868  17 0.305603126127  20 0.242693553006  21 0.123008774428  22 0.297598374534  23 0.271502151015  25 0.172741880349  26 0.163773532836  32 0.109781254945  35 0.052581044691  37 0.254339239161  41 0.324785115373  -1 0
5 0 0.311255921839  1 0.149674578663  2 0.307489702352  5 0.319150863630  12 0.120058117938  21 0.155408030560  22 0.239581378521  23 0.043813737150  24 0.212506316042  26 0.074010972124  28 0.298731501261  31 0.291427773862  32 0.324343528926  34 0.220875025453  35 0.247685623357  37 0.154929106702  41 0.291162439105  -1 0
6 0 0.247634672406  2 0.287962360651  4 0.051718887155  5 0.098353219347  12 0.276554303368  17 0.218164839323  20 0.160949903413  21 0.317443218842  22 0.334487415641  25 0.022804046842  26 0.320455897441  32 0.086464958225  35 0.153948597131  41 0.330749500860  -1 0
0 2 0.040863772842 4 0.253533904228 5 0.156152588536 12 0.215401860231 21 0.161473363585 25 0.230413620156 26 0.256208601686 32 0.169069923079 35 0.158620770519 38 0.257272667434 -1 0
1 6 0.280807266393 10 0.240463060898 12 0.269670215454 14 0.240178928746 16 0.322409385746 18 0.292738389951 21 0.288225573307 22 0.324283338966 23 0.117687216618 24 0.062891099456 26 0.222945229012 29 0.298724428942 31 0.152568309497 34 0.118537541769 36 0.209784289467 37 0.248747688164 39 0.263147195656 -1 0
2 4 0.294381368944 5 0.194941798698 12 0.224084055555 21 0.152660745664 25 0.270300792393 26 0.260152257463 32 0.207909799169 35 0.188880721180 38 0.262271375390 -1 0
3 6 0.140210142232 11 0.306209892377 14 0.128095929916 16 0.124910391423 18 0.157367430389 24 0.334212418330 29 0.171562523516 30 0.172111228519 34 0.253044709518 36 0.234188709864 39 0.114868945239 -1 0
4 5 0.124133312062 12 0.317285099721 17 0.262947031945 20 0.209419228609 25 0.068597829588 32 0.115400366838 35 0.190720513567 -1 0
5 12 0.199127439545 17 0.262519200289 20 0.197074672388 21 0.222834445491 22 0.318940328629 25 0.077741372407 26 0.246200382151 32 0.012970591084 35 0.071946949602 37 0.301025518188 38 0.339778823818 41 0.330894940432 -1 0
6 8 0.251816999818 14 0.076911623339 16 0.041677463208 18 0.025551279565 22 0.316247547112 23 0.310649849322 24 0.273300262575 28 0.306843740817 29 0.042122217933 30 0.287032196750 33 0.340999072420 34 0.162790697582 36 0.243013662121 37 0.305974105312 39 0.051863478416 40 0.340537152797 -1 0
7 8 0.186707553564 15 0.132434170073 17 0.321656961190 19 0.186835022076 22 0.306473887131 28 0.242472902702 33 0.118931110738 40 0.176359934082 41 0.263884707359 -1 0
8 14 0.319100261636 15 0.317812415544 16 0.253683269345 17 0.285932759023 18 0.227923271728 19 0.120495171112 20 0.320521297078 22 0.161300438977 23 0.340347088243 28 0.105358226536 29 0.211522391266 33 0.090137335917 34 0.320162775527 37 0.223231866937 39 0.301300869104 40 0.096970244099 41 0.145892885743 -1 0
9 13 0.094208077250 27 0.076308007628 -1 0
10 13 0.320016537149 24 0.188280492429 31 0.088079257409 34 0.289550652242 36 0.188771135810 -1 0
11 30 0.170109518108 -1 0
12 17 0.303005899651 20 0.253530505105 21 0.101490769400 22 0.221725175231 23 0.156368849977 24 0.332534377751 25 0.254051871325 26 0.047639708633 28 0.286252189731 32 0.204316136253 34 0.328378537918 35 0.127640531106 37 0.156528999987 41 0.262617563292 -1 0
13 27 0.169185234883 -1 0
14 16 0.106498690288 18 0.101949276798 23 0.297932003323 24 0.218139674562 29 0.117769470684 30 0.232338835647 31 0.284660367551 34 0.125397856595 36 0.166471163551 37 0.329553550751 39 0.029318925969 -1 0
15 19 0.292224536719 33 0.240655966348 40 0.289247596274 -1 0
16 18 0.039959759787 22 0.337950832416 24 0.313460723477 28 0.321132513239 29 0.049464769919 30 0.287261990596 33 0.340110981010 34 0.204243602998 36 0.271575988974 37 0.336147398541 39 0.077431569554 -1 0
17 19 0.169698356044 20 0.065620752168 22 0.193600991726 25 0.216742454716 26 0.323426006556 28 0.196869771697 32 0.251502543811 33 0.240969855456 35 0.254350379035 37 0.252461301678 40 0.193415256819 41 0.159282129465 -1 0
18 19 0.338858938056 22 0.300488053351 23 0.313175248555 24 0.289895640658 28 0.287227488870 29 0.016745518703 30 0.310252221353 33 0.316671592373 34 0.176428431304 36 0.267441238675 37 0.296340522738 39 0.077413868051 40 0.318060820033 41 0.324128283985 -1 0
19 20 0.213924699932 22 0.128940257351 26 0.338014780747 28 0.074544362288 29 0.323272639925 33 0.077800102704 37 0.213491525162 40 0.024011772044 41 0.079688411476 -1 0
20 21 0.337156514658 22 0.197511370022 25 0.156049128300 26 0.280593907437 28 0.220829749886 32 0.186241896981 33 0.290065375604 35 0.190736721194 37 0.235716746959 40 0.236028728126 41 0.179347307207 -1 0
21 22 0.322540151320 23 0.199213528445 25 0.294948163228 26 0.119554501148 32 0.232775402486 35 0.166499383877 37 0.252324327332 -1 0
22 23 0.231131497356 25 0.320350045846 26 0.211696205766 28 0.064605005443 29 0.288501198859 32 0.314403468337 33 0.187827382093 34 0.297832965908 35 0.266206800532 37 0.084751791068 40 0.131508631595 41 0.052777536709 -1 0
23 24 0.179956254502 26 0.108747382635 28 0.285315108585 29 0.312849823570 31 0.267057650515 34 0.177446103533 35 0.282609148153 36 0.317550702524 37 0.147757944431 39 0.312487929129 41 0.283849660405 -1 0
24 26 0.285835615947 29 0.299059337397 31 0.101262709653 34 0.116426743585 36 0.151961737997 37 0.303437360962 39 0.244875371975 -1 0
25 26 0.298233136099 32 0.065342981180 35 0.131148081399 37 0.322975953789 41 0.319679325495 -1 0
26 28 0.275671906467 32 0.250929621294 34 0.281536914443 35 0.174420748798 37 0.134996597870 41 0.258367591786 -1 0
27 -1 0
28 29 0.272979647012 33 0.123597305235 34 0.322036261831 35 0.322958957356 37 0.144724710622 40 0.070222008203 41 0.041790410680 -1 0
29 30 0.326589503693 33 0.300091687137 34 0.184180325448 36 0.282478670192 37 0.288195486782 39 0.093939083966 40 0.302259449086 41 0.310471325260 -1 0
30 34 0.322937716870 36 0.201151026538 39 0.241083477892 -1 0
31 34 0.209439867270 36 0.154490966595 39 0.313711206537 -1 0
32 35 0.076686449915 37 0.299900737702 41 0.324475510478 -1 0
33 37 0.267533916361 40 0.060723213386 41 0.147823572016 -1 0
34 36 0.167970503049 37 0.245048633605 39 0.145867653731 -1 0
35 37 0.236413881870 41 0.287060035719 -1 0
36 39 0.194528341054 -1 0
37 39 0.331220346231 40 0.214355028810 41 0.136901643262 -1 0
38 -1 0
39 -1 0
40 41 0.087725260366 -1 0
41 -1 0
