0.000000
1.000000
42
7
0.341200
0.000000
0.560548498295 0.372240041848
0.454050733242 0.408038642723
0.443832771853 0.003622935619
0.230928060599 0.385489425156
0.645832978189 0.780119164381
0.163110864349 0.467366192490
0.412723404355 0.786205505487
0 2 0.191519279704  5 0.246743742141  8 0.187555447093  14 0.316723523975  17 0.279307085293  19 0.323518038991  20 0.226190578361  24 0.181993831373  26 0.303176539456  31 0.339336690717  32 0.287476658478  35 0.070183035940  37 0.066188875299  38 0.258345391722  39 0.203996528655  40 0.161889836265  -1 0
1 2 0.141087982499  5 0.340641449978  8 0.247256283619  14 0.216592320229  17 0.294850869005  20 0.121594784594  24 0.260643456475  35 0.161318070922  37 0.047015987661  39 0.098832969180  40 0.250012665757  -1 0
2 2 0.282517412552  9 0.284146516960  22 0.167175762686  24 0.251151473648  35 0.328859236195  -1 0
3 2 0.191789781391  9 0.261474767515  11 0.245710358571  14 0.034432165758  18 0.133502537200  20 0.181646860107  21 0.222156970694  22 0.309156623986  25 0.200410159052  28 0.337666221540  29 0.245511888144  37 0.265043599965  39 0.126296902841  -1 0
4 0 0.291256557112  4 0.190960377648  6 0.173968985749  7 0.317616543848  8 0.259619306597  10 0.320484067859  17 0.138868325247  19 0.135334726109  27 0.082487228484  32 0.320670129900  33 0.273873538610  38 0.308547271025  40 0.329355280191  -1 0
5 2 0.294931620438  9 0.340745081132  11 0.308083136084  14 0.139650495433  18 0.074175807383  20 0.212209511496  21 0.278561710439  25 0.094221883189  28 0.231455025483  29 0.256645155336  36 0.243414089833  39 0.209536563899  -1 0
6 0 0.114978861301  4 0.217650465017  16 0.166748388492  17 0.264062200941  19 0.321357151789  20 0.290257959634  27 0.289766656022  36 0.334377469745  -1 0
0 4 0.186127431693 16 0.148718964554 27 0.321799326630 -1 0
1 3 0.085528085527 13 0.190362885097 24 0.310647990606 26 0.220031275583 31 0.231002449898 -1 0
2 9 0.255356523213 11 0.287259434250 14 0.164432038518 18 0.322152453121 20 0.218165677141 21 0.284385772901 22 0.219506127845 24 0.229942515995 35 0.186855798959 37 0.148070587095 39 0.112553519561 -1 0
3 13 0.189243241702 24 0.225419002122 26 0.166971430853 31 0.193464449546 35 0.318844936757 -1 0
4 6 0.302208873266 16 0.332594209156 17 0.316831598831 19 0.326294411916 27 0.173844618471 33 0.327367654546 -1 0
5 6 0.337497298535 8 0.131400024976 10 0.219972958226 13 0.319213430318 15 0.238813507203 17 0.238435788019 19 0.214418368285 24 0.324070797724 26 0.235821782437 31 0.236044052563 32 0.051239318380 34 0.190994125192 35 0.265086520763 37 0.303885949971 38 0.042387332428 40 0.091069359169 41 0.148626943697 -1 0
6 7 0.143660806616 8 0.312204322297 10 0.200044121427 15 0.229358115485 17 0.242368584494 19 0.177003196731 27 0.131162563438 30 0.259790554873 32 0.291025950949 33 0.135198664407 34 0.235631852485 38 0.296749305436 41 0.290500471632 -1 0
7 10 0.186590400450 15 0.192974677708 19 0.297264646376 27 0.266651005280 30 0.179227860593 33 0.128370101284 34 0.226813605219 41 0.290915856672 -1 0
8 10 0.279109995807 15 0.310187265231 17 0.126205456788 19 0.142395031553 20 0.301394551343 24 0.333130582569 26 0.331012511731 27 0.324120426007 32 0.141604618280 34 0.266746325027 35 0.238092653455 37 0.223162362798 38 0.110964876901 40 0.071712351768 41 0.250412037810 -1 0
9 11 0.066037693371 14 0.233129025621 18 0.308268039129 21 0.092216558808 22 0.117411799269 29 0.203608500621 39 0.310838945281 -1 0
10 15 0.037832971810 17 0.296392666787 19 0.223503378929 27 0.316357088856 32 0.170080842407 33 0.289293277931 34 0.040867481204 38 0.195141901911 40 0.290437513424 41 0.104732540021 -1 0
11 14 0.223611960187 18 0.264390760481 21 0.032224728147 22 0.183002260302 29 0.138250183771 39 0.320651949388 -1 0
12 16 0.236609507762 23 0.193692928556 25 0.254609947101 28 0.139987964364 36 0.106029673554 -1 0
13 24 0.335968730786 26 0.123213454466 31 0.090683392955 -1 0
14 18 0.157721045183 20 0.193754072531 21 0.202946438105 22 0.275389131972 25 0.233304260833 29 0.241689128921 35 0.336757319490 37 0.253755237891 39 0.118014095030 -1 0
15 17 0.333513017497 19 0.261128274223 32 0.191376229306 33 0.306126055269 34 0.047822511726 38 0.219136669820 40 0.315517276271 41 0.104773974210 -1 0
16 23 0.284103362186 25 0.324016999056 28 0.305470325418 36 0.201356834001 -1 0
17 19 0.076709587238 20 0.297467261042 27 0.212927719186 32 0.225130198065 34 0.301621767575 37 0.289884696548 38 0.203247339468 40 0.197855261407 41 0.311788315719 -1 0
18 20 0.280129357904 21 0.232762208991 25 0.111738080677 28 0.234580898707 29 0.189740802376 36 0.275957882265 39 0.256601323976 -1 0
19 27 0.185611753420 32 0.185968348975 33 0.310936189061 34 0.233258878841 38 0.173256868408 40 0.205061825352 41 0.253099693788 -1 0
20 25 0.277459102616 35 0.282221826146 37 0.166285780248 39 0.111421558030 40 0.329465889609 -1 0
21 22 0.205775224451 29 0.112663522765 39 0.306469568377 -1 0
22 24 0.328327896800 29 0.318436924127 39 0.310810906953 -1 0
23 28 0.332983770264 36 0.283121141458 -1 0
24 26 0.224867062293 31 0.271838245687 35 0.111813010019 37 0.220040969585 39 0.314150085222 40 0.275866504675 -1 0
25 28 0.137258486191 29 0.293937541870 36 0.164220504509 39 0.298023788420 -1 0
26 31 0.047191789117 32 0.278462895336 35 0.261378278390 38 0.278203730556 40 0.259880634038 41 0.313333800500 -1 0
27 30 0.329610776145 33 0.199877992464 -1 0
28 36 0.104120618109 -1 0
29 -1 0
30 33 0.131973727403 -1 0
31 32 0.272730523364 35 0.302705813022 38 0.277830432521 40 0.275860761439 41 0.290752895775 -1 0
32 34 0.143759529564 35 0.312081760331 37 0.340417884234 38 0.031592979400 40 0.126028227893 41 0.111346704271 -1 0
33 34 0.329826117741 -1 0
34 38 0.172037216653 40 0.268495211546 41 0.064112493765 -1 0
35 37 0.116035713782 38 0.286474101491 39 0.235815087215 40 0.194261289074 -1 0
36 -1 0
37 38 0.309892479916 39 0.138786568157 40 0.214802823264 -1 0
38 40 0.096459004116 41 0.142882337291 -1 0
39 -1 0
40 41 0.235610274479 -1 0
41 -1 0
