0.000000
1.000000
90
10
0.227500
0.000000
0.864297535270 0.174773348030
0.263309039641 0.155581967440
0.406836376060 0.809072243981
0.374708486255 0.519210611936
0.075643559452 0.047347567510
0.873474885244 0.234726591967
0.519828433171 0.148523766082
0.620186999906 0.235665797722
0.545560210012 0.579540410545
0.942736621480 0.860019712243
0 2 0.085078184231  4 0.195930785856  14 0.067194153750  15 0.110243060989  25 0.149475478435  36 0.126937072906  44 0.061712836997  48 0.093838466594  50 0.184320662316  55 0.195084536567  61 0.177397623726  65 0.122093208336  84 0.165760055731  85 0.159639417373  88 0.177938884670  -1 0
1 3 0.144678330864  10 0.221883413370  12 0.199301670115  17 0.079228618560  23 0.200083116515  33 0.179648495021  38 0.209011124960  39 0.076486924151  41 0.125684452809  45 0.130552686194  47 0.132146664753  64 0.149883490058  68 0.223859169381  70 0.176026534800  71 0.198413691635  74 0.154095900450  75 0.157323346572  77 0.126202307333  87 0.095843280883  -1 0
2 1 0.187405537115  5 0.182416901382  18 0.210918262840  46 0.177700795438  52 0.119156783831  59 0.168283890794  66 0.202715725770  78 0.223107184788  -1 0
3 6 0.126625752625  8 0.151471986001  9 0.149383547253  16 0.146101126053  18 0.162482149407  19 0.070437230024  21 0.080226116047  23 0.184612582514  29 0.198994617092  30 0.173787414536  34 0.171023078370  42 0.013711684720  49 0.183870615282  52 0.219946717000  59 0.159750813435  63 0.206568809517  66 0.161728279661  68 0.173932658568  69 0.156139370876  70 0.204312036836  71 0.195836818542  -1 0
4 33 0.204040500991  40 0.051770600530  47 0.206699303757  74 0.114493712416  75 0.094843052233  -1 0
5 2 0.137325755835  4 0.147804348097  14 0.119709783048  15 0.053941057103  25 0.168176000080  36 0.168004807661  44 0.118417050014  48 0.036742312697  50 0.186251983011  61 0.121533665714  65 0.181813526718  81 0.221560149570  84 0.167385246905  85 0.217254426571  -1 0
6 0 0.156148071941  3 0.149514335201  10 0.172986808752  12 0.111963317601  25 0.197380892796  28 0.177002686999  29 0.226035647273  30 0.225479988536  38 0.123575373510  39 0.196722107796  41 0.154984697427  49 0.226319803649  50 0.184853551504  62 0.082176019314  64 0.174380544568  76 0.129390556356  77 0.179625581826  81 0.177679313321  84 0.201648383780  86 0.123455924456  87 0.187598208627  -1 0
7 0 0.160889522438  2 0.215308530920  10 0.197164540346  12 0.173406332672  14 0.219109189632  25 0.110460279013  28 0.103223815044  29 0.176425706315  30 0.211280668271  34 0.212191712166  38 0.171153155810  49 0.192044558920  50 0.067828676040  62 0.134295364811  63 0.218854078858  76 0.123244448246  81 0.044767404569  84 0.086822752431  86 0.077712982698  88 0.221777847795  -1 0
8 6 0.097722361662  18 0.060169153269  29 0.208005483311  34 0.163811820745  42 0.188855216265  49 0.216013028308  53 0.208505052682  63 0.133184855935  67 0.162320113256  72 0.157904654185  73 0.178497983590  79 0.137770576705  -1 0
9 24 0.215218438615  32 0.198513761055  37 0.138651510956  54 0.114008778291  58 0.175777671273  -1 0
0 6 0.198659382275 8 0.190607736873 9 0.093894468983 10 0.038236573890 12 0.068205599540 16 0.096476161995 21 0.191165904308 23 0.128658268548 28 0.093059795806 29 0.087017541942 30 0.069355286561 34 0.128929214205 38 0.051570674902 39 0.175284560309 41 0.223319327868 45 0.164949732257 49 0.076406851431 50 0.227153144944 62 0.225435573542 63 0.179984369213 68 0.101777026264 69 0.127089499836 70 0.161176725310 71 0.105731697670 77 0.126155822409 81 0.185332115992 86 0.083312995577 87 0.155779743998 -1 0
1 11 0.082305403221 31 0.145232028849 32 0.223302723917 43 0.085478791997 46 0.044636589898 53 0.212479409640 89 0.181353992176 -1 0
2 14 0.017988522324 15 0.173947528672 25 0.104992466000 36 0.160588094077 44 0.026868472185 48 0.161067399991 50 0.156707423825 55 0.196303179285 62 0.211617916305 65 0.060832619960 76 0.155945468608 81 0.207478418176 84 0.142508010870 85 0.139892143383 88 0.093189112396 -1 0
3 10 0.222919446773 12 0.164476956877 17 0.213474941431 38 0.181246834455 39 0.128819860936 41 0.020355591687 45 0.213446568208 62 0.204165031752 64 0.029607073518 74 0.208053031445 75 0.223739327741 77 0.156012726173 87 0.136784238525 -1 0
4 15 0.144451037904 20 0.220819921682 48 0.143556064857 61 0.045979525774 80 0.179353288146 -1 0
5 7 0.224907578094 13 0.142992083023 52 0.151169985130 59 0.206353983455 66 0.210983601301 78 0.075901838095 -1 0
6 8 0.223656738792 9 0.136965301395 10 0.206176041406 16 0.130894342869 18 0.126930058877 19 0.189390673914 21 0.158461239324 23 0.217245783148 28 0.184204431913 29 0.120011104670 30 0.138327296087 34 0.076207312902 42 0.127642289665 49 0.122360758056 63 0.083422835766 68 0.188808108983 69 0.188030709309 71 0.214053195624 72 0.162851687828 73 0.207334021443 79 0.209069144716 -1 0
7 13 0.197618433860 78 0.210166265656 -1 0
8 9 0.122190319235 10 0.157091738361 12 0.209711850207 16 0.125636857134 17 0.171265820641 19 0.107241599022 21 0.073438718735 23 0.067651655878 27 0.216599511781 29 0.208674650166 30 0.150844894915 34 0.213008207880 38 0.199886611091 39 0.192415301240 42 0.138312476640 45 0.107568197220 47 0.207420147401 49 0.182779466778 57 0.201236565020 68 0.088843644909 69 0.064333739523 70 0.062103318277 71 0.091022785197 77 0.162749610924 82 0.151092482733 87 0.180651000136 -1 0
9 10 0.080644610661 12 0.146744698384 16 0.006087343368 19 0.162552857114 21 0.100164166107 23 0.086718081771 28 0.148433374141 29 0.086488900609 30 0.031035535151 34 0.097278282130 38 0.130619731584 39 0.206915183761 42 0.137995023047 45 0.154147240642 49 0.060627791499 63 0.160041236624 68 0.054124779058 69 0.063442450140 70 0.124445145007 71 0.078307028137 77 0.157300345906 86 0.166513508441 87 0.187852363868 -1 0
10 12 0.066287267699 16 0.085212222561 17 0.211039028818 21 0.168030207625 23 0.092482830664 28 0.130161685677 29 0.108962865098 30 0.067943263687 34 0.144799885644 38 0.050761863699 39 0.146768340214 41 0.210720130731 42 0.216497934848 45 0.127245072507 49 0.090278560975 63 0.202249406912 68 0.069676392813 69 0.095737992063 70 0.123417500957 71 0.068915866856 77 0.095775493704 81 0.223259497139 86 0.120231631852 87 0.126870564711 -1 0
11 24 0.222851251771 31 0.085709241097 32 0.146744522561 43 0.019979325671 46 0.124274620746 53 0.188563633276 89 0.101251218060 -1 0
12 16 0.151080274337 17 0.213001567024 23 0.142062088756 28 0.144041683949 29 0.155013727198 30 0.130281440335 34 0.197100192687 38 0.017094918025 39 0.124086251933 41 0.155441877587 45 0.146353435734 49 0.143962218265 62 0.191997305278 64 0.193964130143 68 0.129461124901 69 0.154680555013 70 0.162200852241 71 0.118963312913 77 0.084815604380 81 0.209598063845 86 0.108640434151 87 0.107006353694 -1 0
13 78 0.069019490895 -1 0
14 15 0.157918900779 25 0.108877190322 36 0.151612436799 44 0.014505680913 48 0.144508683146 50 0.157486220496 55 0.194658475305 62 0.225012107688 65 0.071081792894 76 0.168968529063 81 0.207598154163 84 0.141869449814 85 0.141758552476 88 0.111172633573 -1 0
15 25 0.173362164674 35 0.205937006796 36 0.221598269655 44 0.160417443403 48 0.017200717713 50 0.174808605598 61 0.105186395400 65 0.225837594976 81 0.199323456528 84 0.157576156852 -1 0
16 19 0.161821836145 21 0.099966459986 23 0.092304775728 28 0.147097632671 29 0.083230185915 30 0.030776034616 34 0.091981269770 38 0.134787160295 39 0.212927673302 42 0.135000691350 45 0.160090476181 49 0.057746705534 63 0.154657422411 68 0.060010734805 69 0.068245920681 70 0.129873503927 71 0.084331243125 77 0.163231497074 86 0.167114801607 87 0.193835352016 -1 0
17 23 0.157364881691 26 0.189658542019 33 0.125761252860 38 0.216849644637 39 0.100767975499 41 0.193274663109 45 0.088665595850 47 0.075330811634 57 0.202491988151 64 0.224038698733 68 0.188304624900 69 0.186488152173 70 0.123761039736 71 0.164887440977 74 0.212708058208 75 0.209675700800 77 0.128250597302 82 0.154203602495 87 0.110359704891 -1 0
18 34 0.202045908711 42 0.173408200755 52 0.215654702507 53 0.199775124303 59 0.191831857515 63 0.184881879015 66 0.223233399296 67 0.206676706781 72 0.218072351759 79 0.183089518037 -1 0
19 21 0.063139796772 23 0.161453843043 27 0.179403299398 30 0.192570978882 34 0.216900990769 42 0.063643722792 45 0.214515406946 49 0.213225614696 59 0.174832017554 66 0.160319896859 68 0.164379985285 69 0.140152887157 70 0.168398366547 71 0.179679631148 82 0.203998347504 -1 0
20 35 0.219060670031 51 0.156327783344 58 0.204718292872 60 0.131783261797 61 0.207607508913 80 0.054194802872 83 0.082767739316 -1 0
21 23 0.106982751870 29 0.176703867064 30 0.130708120511 34 0.166550346467 38 0.218022622749 42 0.066614305391 45 0.169980463667 49 0.154039096408 59 0.226653337497 63 0.220305765842 66 0.218124676144 68 0.103499901945 69 0.081213092399 70 0.124123941120 71 0.121678867662 77 0.209556960454 82 0.211434404038 -1 0
22 26 0.049784609473 27 0.187047738206 33 0.134643759579 47 0.175675018652 56 0.033271546756 57 0.071775935403 82 0.120247977766 -1 0
23 28 0.213085936835 29 0.166610019042 30 0.106567487515 34 0.183858721999 38 0.132518310156 39 0.142630882460 42 0.170951625522 45 0.071266560512 47 0.214725349779 49 0.140745001534 68 0.034176382902 69 0.030583535102 70 0.038212145967 71 0.023914405749 77 0.102967390368 82 0.196694336268 86 0.211931035811 87 0.126940145071 -1 0
24 31 0.137537604888 32 0.118842368325 43 0.206103389714 51 0.153046097814 53 0.107341278451 58 0.111510946613 60 0.179130199572 67 0.180980240077 79 0.191202160366 89 0.156360181847 -1 0
25 28 0.208889708079 44 0.123352236754 48 0.169663168250 50 0.055113563136 62 0.145525075574 65 0.158403293401 76 0.094845854582 81 0.105554293357 84 0.047103040510 86 0.187910718483 88 0.132590182195 -1 0
26 27 0.199910498204 33 0.087948868041 47 0.126164610650 56 0.061660176390 57 0.061940432961 82 0.088128861796 -1 0
27 56 0.219755679656 57 0.139646434657 66 0.198592497606 82 0.159417236731 -1 0
28 29 0.073660386393 30 0.117594860972 34 0.109561782167 35 0.226406915571 38 0.132083136744 49 0.092169839606 50 0.157148112880 62 0.217445754158 63 0.128039752507 68 0.181247711656 69 0.202913881800 71 0.192411057861 72 0.179564112435 76 0.221893225561 77 0.217348462719 81 0.107921901887 84 0.173511658391 86 0.053555794005 -1 0
29 30 0.060155726985 34 0.044598870560 38 0.138564536590 42 0.191677072692 45 0.225134029898 49 0.026189566127 63 0.093753584551 68 0.132463438631 69 0.148442706308 70 0.204709520427 71 0.150966951021 72 0.177221726853 77 0.204694565112 81 0.179882578691 86 0.112837879492 -1 0
30 34 0.082567315733 38 0.113347406019 39 0.208668047343 42 0.163387005183 45 0.167702692761 49 0.034177669236 63 0.144305656627 68 0.072393400766 69 0.088869439179 70 0.144733197212 71 0.092129990201 77 0.157561673812 81 0.224739356786 86 0.136408825189 87 0.188942222138 -1 0
31 32 0.088982927836 43 0.068568851352 46 0.189668281789 53 0.116051122885 89 0.069320116920 -1 0
32 37 0.183770508535 43 0.138119511876 53 0.166541066314 58 0.199770377897 89 0.049318364455 -1 0
33 39 0.225539470618 40 0.222091085165 45 0.200196853174 47 0.050727411349 56 0.131529760158 57 0.134186434719 70 0.216815749093 75 0.226653566773 82 0.120781389249 -1 0
34 38 0.180293689934 42 0.166115111847 49 0.054605103281 63 0.062828754932 68 0.150502743286 69 0.160022483651 70 0.221713510446 71 0.172935098992 72 0.155564916149 73 0.209516558478 81 0.208572426700 86 0.154963837667 -1 0
35 48 0.222882977224 51 0.208068090486 60 0.193762459962 63 0.172969402504 67 0.143284543069 72 0.082506249171 73 0.056013639936 79 0.147548131310 81 0.211786376087 83 0.143460906929 -1 0
36 44 0.137192339374 48 0.204512984970 55 0.084441328293 65 0.141251503126 85 0.092620663582 88 0.223634109342 -1 0
37 54 0.084130836433 89 0.201587514270 -1 0
38 39 0.132860001304 41 0.171756594614 45 0.144880690909 49 0.126966484519 62 0.201665982975 64 0.210679838535 68 0.116819606249 69 0.142516661237 70 0.155870803186 71 0.108872014592 77 0.089116120982 81 0.204871719530 86 0.101632102999 87 0.114631226091 -1 0
39 41 0.109011981273 45 0.085854964132 47 0.174812059272 64 0.148246181755 68 0.159358107003 69 0.171769842673 70 0.130337537056 71 0.134438669983 74 0.223995265841 77 0.051289422959 87 0.019908932438 -1 0
40 74 0.164671944563 75 0.145494659625 -1 0
41 45 0.194098878816 62 0.215670672859 64 0.042197597076 71 0.227461417064 74 0.201087394558 75 0.215591800344 77 0.138734156457 87 0.117878551602 -1 0
42 49 0.175305232229 59 0.171232505424 63 0.205279579882 66 0.171135494835 68 0.160736683960 69 0.142593156851 70 0.190654665881 71 0.182401244009 -1 0
43 46 0.129560304257 53 0.168612624339 89 0.096201382724 -1 0
44 48 0.146050663856 50 0.171517519461 55 0.180960123889 65 0.065545463235 76 0.181966718703 81 0.221421532565 84 0.155617635366 85 0.129496385407 88 0.116901168150 -1 0
45 47 0.154449359239 49 0.200785036598 68 0.100125249723 69 0.101645485147 70 0.046422174970 71 0.076258712547 77 0.070098099318 82 0.174478785367 87 0.077141975781 -1 0
46 89 0.224799532139 -1 0
47 56 0.178027028887 57 0.156772611284 70 0.177169904659 71 0.227459866755 74 0.216816911288 75 0.207014083518 77 0.203124671705 82 0.124491032537 87 0.185551277520 -1 0
48 50 0.176546229842 61 0.107977645807 65 0.211182877513 81 0.204939896824 84 0.158577975607 -1 0
49 63 0.113182834891 68 0.106571057281 69 0.122255378114 70 0.178906069584 71 0.125828632347 72 0.200717379202 77 0.184860610411 81 0.200020429246 86 0.122282026347 87 0.216245492599 -1 0
50 62 0.156149359337 65 0.212629442468 76 0.119523493340 81 0.050935806739 84 0.019019348842 86 0.143925529809 88 0.185478049740 -1 0
51 53 0.226068318080 58 0.071229833144 60 0.026166534092 67 0.132577950343 73 0.190821950846 79 0.156623186066 80 0.210521718131 83 0.114934105303 -1 0
52 59 0.063691449485 66 0.088433136708 78 0.221631550463 -1 0
53 58 0.208759088142 67 0.182562105978 79 0.178534133945 89 0.175622066823 -1 0
54 -1 0
55 65 0.151287200320 85 0.063598431278 88 0.226476451568 -1 0
56 57 0.102291338610 82 0.145257834536 -1 0
57 70 0.218826836521 82 0.056465458419 -1 0
58 60 0.093331158109 67 0.179801656233 79 0.200880762493 83 0.181943915576 -1 0
59 66 0.039128379407 -1 0
60 67 0.138142494707 73 0.183151234583 79 0.162706820414 80 0.185916494607 83 0.089562897387 -1 0
61 80 0.175286408054 83 0.220221265912 -1 0
62 64 0.222055914347 76 0.056179452203 81 0.172593498269 84 0.167646903525 86 0.168174732115 88 0.159856368235 -1 0
63 67 0.202893748166 68 0.213320224691 69 0.222446619407 72 0.093891126230 73 0.147006271338 79 0.184238088259 81 0.202220914708 86 0.181081123460 -1 0
64 74 0.188955281700 75 0.205951090584 77 0.180765881264 87 0.158814066455 -1 0
65 76 0.183921133778 84 0.200105525692 85 0.089092959599 88 0.082468784652 -1 0
66 -1 0
67 72 0.134712652958 73 0.095754377011 79 0.024579455892 83 0.166668441948 -1 0
68 69 0.026066471525 70 0.072367823149 71 0.025457653414 77 0.112943833740 86 0.184609911133 87 0.141420097479 -1 0
69 70 0.063778632343 71 0.040481607752 77 0.129245442273 82 0.209351477143 86 0.209401569902 87 0.155256209137 -1 0
70 71 0.056447196246 77 0.102898572085 82 0.162942314184 87 0.118732695690 -1 0
71 77 0.089476639742 82 0.218503909687 86 0.188819980979 87 0.116897136907 -1 0
72 73 0.055186809889 79 0.124593135594 81 0.205774085938 83 0.212218076994 -1 0
73 79 0.094908958321 83 0.159792390804 -1 0
74 75 0.020099788379 -1 0
75 -1 0
76 81 0.150395997773 84 0.126256463882 86 0.180508049881 88 0.115337797147 -1 0
77 86 0.190748170453 87 0.031430923765 -1 0
78 -1 0
79 83 0.188297231359 -1 0
80 83 0.126874467741 -1 0
81 84 0.065838794228 86 0.104379579457 -1 0
82 -1 0
83 -1 0
84 86 0.162546500284 88 0.179693186427 -1 0
85 88 0.162900361831 -1 0
86 87 0.215358487963 -1 0
87 -1 0
88 -1 0
89 -1 0
