0.962437366116 0.293873038982
0.446627975435 0.974726890216
0.756346883252 0.608783641362
0.634559578790 0.180136092836
0.208662671968 0.852764530108
0.841144280130 0.016757226917
0.791018111165 0.546256655826
0.477363395026 0.943225104811
0.199901596644 0.563467880713
0.559255209712 0.350329071771
0.372943385808 0.170660694881
0.666625454530 0.577836766375
0.373875734011 0.295491145885
0.337138609498 0.984269859266
0.560479529204 0.697492148727
0.529160063246 0.522916981483
0.991365096203 0.975788038936
0.497643871701 0.747711979784
0.584571680407 0.132203450680
0.927848072904 0.793234352068
0.984967981281 0.794503757829
0.831372459523 0.775986092607
0.340760413140 0.308735854782
0.719211197457 0.540662010203
0.872203744708 0.278466397561
0.891119265918 0.224879771538
0.449127095689 0.557616537027
0.822983881924 0.506265966690
0.647544755610 0.160122491347
0.490535825955 0.208024284773
0.811189653825 0.242276561704
0.730941266719 0.848979736982
0.995484032284 0.228585207566
0.596691716462 0.580055609345
0.360788589327 0.524539789508
0.373289961732 0.345756570778
0.393951581190 0.276379283398
0.121742663318 0.659803961353
0.513398275729 0.840953860920
0.255653544130 0.455638535302
0.275732665499 0.307092461231
0.630749126886 0.568547364317
0.649073590947 0.453733008841
0.435941762698 0.423102468791
0.613855500242 0.565349157431
0.504642631906 0.471470140363
0.585045047212 0.235583898526
0.320449876875 0.580528975567
0.464169037068 0.917141593529
0.160584585279 0.824957626872
0.441681383643 0.533874547098
0.170714197679 0.760724931490
0.738536968306 0.292456861114
0.420528892925 0.251935244495
0.133410722022 0.620994864964
0.637537255910 0.252830990440
0.712451919422 0.268286382794
0.821378360329 0.361525508512
0.722019391649 0.896191686781
0.658143857411 0.335874891572
0.461540844239 0.162786489281
0.781235027520 0.016757226917
0.550393969149 0.224794428735
0.627114867797 0.862539424962
0.044936503258 0.787699453545
0.687497051896 0.486617886929
0.321574000640 0.858211249574
0.418458676316 0.344970117751
0.150668110840 0.667871711332
0.312046213115 0.284078832349
0.288866576741 0.949583469890
0.536909823904 0.001318496708
0.217869852924 0.358288178952
0.362844006623 0.939889244732
0.221787949595 0.183232414872
0.275764137090 0.716020710712
0.379185973657 0.205539368436
0.762606602625 0.582144741427
0.210904079145 0.389721471484
0.444684166027 0.255840581737
0.283206073576 0.303772270226
0.742458469234 0.498994925058
0.990392468902 0.989801287590
0.559105893827 0.141060579270
0.657672999034 0.871152108411
0.425139412774 0.946539575657
0.820735578442 0.962049236953
0.921469413483 0.137946541156
0.320337415811 0.310702078790
0.978494676740 0.574817282586
