0.635629295733 0.215193527214
0.658155508031 0.319317039534
0.001450265156 0.815246486081
0.135265417473 0.463287658432
0.749581054661 0.345571313116
0.272433736827 0.028067663777
0.269544251208 0.636201311419
0.339835696900 0.617855127613
0.667660787710 0.696123072645
0.695552844673 0.882772376184
0.781196371594 0.938088111890
0.859761177682 0.568979514343
0.595120550597 0.259920292076
0.931038527427 0.060393683894
0.798314847180 0.479077346821
0.134029380711 0.433944136538
0.694270885324 0.792184407159
0.753261180751 0.695725428035
0.607471571228 0.888519908688
0.159013186566 0.357046571334
0.234097704473 0.431446922297
0.385114236266 0.503641967197
0.067648007043 0.724949740977
0.121497154571 0.735308726699
0.421072994803 0.817060455983
0.618088690981 0.202271426573
0.755157788714 0.477849863021
0.771250940083 0.350278338089
0.737770158143 0.770399523542
0.480606011113 0.536084999332
0.249476868083 0.614635391807
0.969993756351 0.943659245476
0.406820211436 0.723290241673
0.639473172822 0.014285298064
0.611816609429 0.798486354940
0.371332528879 0.845914716841
0.229933716694 0.756446068227
0.349556280300 0.297581478487
0.481396041108 0.471053374290
0.032888852956 0.902470050566
0.288113940486 0.650979119525
0.104740463198 0.043271617964
0.128829442765 0.875989825311
0.393552258671 0.866599355508
0.646382616717 0.874141189983
0.402683505510 0.895866894250
0.488791355385 0.372713321364
0.839598885332 0.895612428757
0.096003649679 0.479088705471
0.909896925883 0.707820247370
0.277575071432 0.281228797976
0.553734562646 0.507508352235
0.037673952210 0.903291113596
0.805089831624 0.519070947085
0.374344217525 0.837980303105
0.421540006875 0.662458104689
0.488959466164 0.526280446733
0.705729666380 0.617788491897
0.402271850501 0.099279622082
0.484387675300 0.048662776592
0.973501840297 0.887108561493
0.944530483754 0.462227018444
0.259785216325 0.784145975538
0.357838574034 0.355788819525
0.263234826737 0.267735501285
0.063609061737 0.540809860264
0.548964299630 0.617343631427
0.048318237819 0.586639205942
0.520632460322 0.853401103065
0.105710037608 0.894978554579
0.691388384493 0.527250136093
0.557436736797 0.180347849623
0.053530583627 0.263166402467
0.798136264824 0.455802445517
0.362446024543 0.282524018090
0.504465211188 0.335881614124
0.169595876202 0.448995783718
0.798108566643 0.429381053160
0.233141897246 0.155947133899
0.785169862846 0.496376725102
0.423682545906 0.848778935538
0.037163489213 0.972608866909
0.466122574173 0.085504872725
0.559318748582 0.986767040993
0.938912970393 0.664996296642
0.881735707499 0.630301354739
0.192246430089 0.439172473734
0.810649185618 0.245777013361
0.702338877481 0.608785530400
0.701579448312 0.064784900776
