0.807396215087 0.917522744253
0.470596595665 0.810158703945
0.192017317749 0.484016267583
0.347430420106 0.541335694025
0.348904923534 0.718883397056
0.088793707049 0.919777283608
0.571846493055 0.090890303719
0.501550286535 0.805899207015
0.761456351202 0.819545052785
0.486503957305 0.029088142796
0.969687464786 0.149931725812
0.335062625847 0.569703042023
0.995274935147 0.865974604384
0.681706868113 0.178449530619
0.128116142470 0.696877060924
0.936681089023 0.935512340252
0.594575204073 0.405233606721
0.745671053419 0.806417121085
0.950331738470 0.119800063498
0.347752815110 0.240198884161
0.645758293526 0.689349712078
0.162185106426 0.383831364103
0.506810763384 0.663735393434
0.189730571127 0.268267115585
0.483280449643 0.676234528421
0.297355258372 0.349314125256
0.709438204996 0.632417878255
0.919017167033 0.704713139311
0.498392492064 0.600724035878
0.803800059160 0.633434215786
0.297601096798 0.819843763484
0.562020983546 0.912000899672
0.227121456518 0.307692036956
0.718418020756 0.118415417150
0.400793510954 0.066170835865
0.358614301309 0.212778382004
0.482091295971 0.520799407838
0.596609746108 0.988902059378
0.184534801169 0.786340317219
0.257169174989 0.667815250787
0.462574845643 0.554524433324
0.017129376194 0.172013049308
0.192315379426 0.927440167581
0.876726086817 0.685334724422
0.536870583555 0.759888852971
0.311843444591 0.834471676965
0.579732616431 0.873864428139
0.746472576630 0.806854072959
0.181556465569 0.464890597854
0.925269497900 0.582349966684
0.531061433707 0.283883791414
0.868393149628 0.123117452074
0.747455279749 0.503546221583
0.022810559007 0.999966866465
0.178078421879 0.259223964531
0.657033252598 0.640653267687
0.813748398823 0.674162628232
0.892179629174 0.049313493520
0.610309172423 0.689392503813
0.686025526374 0.147179752589
0.449281356300 0.997868970950
0.998125935364 0.302136011887
0.871733397375 0.728124006579
0.859893363006 0.260288140825
0.193014604505 0.761137535794
0.635639841195 0.724076038235
0.045021327171 0.430768199701
0.737228768409 0.849704526829
0.822506306333 0.739283555331
0.852593253453 0.302136011887
0.863622181824 0.707325229452
0.641237995672 0.812255923066
0.170118407812 0.453904311638
0.812946638973 0.780427580401
0.143296815390 0.498972163550
0.927607336716 0.592578170569
0.496841134493 0.909258762831
0.621592144946 0.368574534076
0.539360318482 0.498648032840
0.421864398758 0.830397373992
0.218597726897 0.057504240423
0.554473412689 0.263619054109
0.488272440154 0.291702181100
0.113323580865 0.310778744982
0.065358023940 0.980126657731
0.311363471206 0.029493261595
0.448201888240 0.952601465391
0.841749184175 0.618320292708
0.406505777034 0.654695820066
0.398747876284 0.549802592491
