0.000000
1.000000
90
10
0.227500
0.000000
0.829475434963 0.938253581058
0.679600970820 0.439225288108
0.152206993662 0.653644940816
0.086104485672 0.616030104458
0.150427475106 0.809475498740
0.611405478790 0.316296382807
0.204893386923 0.886478182394
0.423302763607 0.759301842656
0.927130988333 0.470551310573
0.360353539232 0.544890203979
0 16 0.166183928428  19 0.175236276514  20 0.211759164099  21 0.162278576843  31 0.132961654605  58 0.115394992088  63 0.216061177840  82 0.168971766448  84 0.184441548006  86 0.025349917818  -1 0
1 2 0.186118162021  6 0.154497549620  9 0.149618312683  11 0.139217477097  15 0.172153321813  23 0.108896182868  27 0.158281748099  33 0.163423143520  41 0.138241462853  42 0.033799332531  44 0.142231140456  45 0.177904892767  46 0.224523135168  52 0.158159485858  55 0.191081632454  56 0.174066924430  57 0.161672762774  59 0.105554308870  65 0.048045879316  77 0.165275240284  81 0.086737965207  -1 0
2 4 0.206968245035  8 0.102013123287  37 0.031080684524  47 0.183443757421  49 0.171517405662  51 0.108667571075  54 0.037673960250  64 0.171690333117  68 0.014309757492  75 0.138409191736  -1 0
3 8 0.125349789911  37 0.056446702884  49 0.221806210145  51 0.167616814001  54 0.047566047177  64 0.176536591633  68 0.082801049978  75 0.214403602365  -1 0
4 4 0.072562238047  37 0.152395497010  49 0.018516564976  51 0.052803114681  54 0.189247243559  64 0.107715093097  66 0.177950292534  68 0.141603991893  70 0.196966059109  75 0.156342816337  -1 0
5 3 0.138114940832  9 0.062272582068  15 0.222387904742  18 0.186038330219  28 0.160300753833  29 0.162272364198  42 0.142505132703  45 0.188353923575  46 0.084908052997  52 0.129347355732  53 0.201435416854  55 0.068634727240  56 0.111871995031  57 0.214788926366  59 0.050673405844  60 0.214533671161  65 0.186545818135  79 0.177344014964  81 0.224841374407  83 0.182873817838  -1 0
6 4 0.033923706464  13 0.164474955416  49 0.075815886562  51 0.130315375495  64 0.187998515683  66 0.120055758332  68 0.225231369444  70 0.105041772252  73 0.166736738137  75 0.184603393403  -1 0
7 1 0.216684140219  7 0.191703725156  14 0.150458975414  17 0.075239120633  26 0.203331892874  38 0.121590515190  47 0.206248525201  48 0.163044286196  50 0.226175240139  66 0.141886616678  73 0.190439153237  75 0.153755984296  85 0.187246740841  -1 0
8 0 0.180171557875  2 0.219716607985  6 0.155749846327  23 0.219422308893  24 0.199783916242  27 0.110100665006  57 0.151888921491  77 0.198799817161  81 0.186850149894  89 0.116230896987  -1 0
9 8 0.161523855679  15 0.170230623147  26 0.089681123368  34 0.020355064037  35 0.199553388569  39 0.225691742086  45 0.161894558244  47 0.053501629139  50 0.082070475646  75 0.190895304595  78 0.215435551920  -1 0
0 24 0.091539527600 25 0.086480001203 32 0.073174911425 52 0.223904961985 57 0.156443402065 -1 0
1 7 0.044011685952 13 0.109904456296 38 0.149510857032 48 0.060197634815 63 0.212512460000 66 0.170922178566 70 0.159752466354 73 0.090738167125 85 0.035444083090 -1 0
2 6 0.071496279381 11 0.094908607823 14 0.215019114641 21 0.183263462776 23 0.077586182996 27 0.122271677887 33 0.162219210041 41 0.131885383541 42 0.188542456452 44 0.148964252850 65 0.140231133614 77 0.027364485673 81 0.110663680907 89 0.224729516726 -1 0
3 9 0.186108565153 18 0.069255527872 28 0.023857054809 29 0.146698986390 46 0.074338065591 52 0.153059637135 53 0.225752635974 55 0.072755856849 56 0.117633712608 59 0.157514417398 60 0.173886431934 61 0.218381476202 71 0.203742993870 79 0.204410962811 83 0.084971490539 -1 0
4 13 0.183846996498 37 0.211633808634 49 0.055540312275 51 0.099555885886 64 0.176180936829 66 0.113042624243 68 0.193774930215 70 0.125724195925 73 0.177094889410 75 0.152320316251 -1 0
5 25 0.208434500561 30 0.020539130002 61 0.059909252610 87 0.081203732074 -1 0
6 11 0.128338756424 23 0.072024529959 27 0.051196344773 33 0.197243800758 41 0.161811689949 42 0.169436926504 44 0.178188423663 57 0.187209349408 65 0.119471303951 77 0.045773010672 81 0.067762157726 89 0.189639584607 -1 0
7 13 0.146108392463 17 0.196562152506 38 0.108433942841 48 0.029230816687 63 0.170104916203 66 0.177475888478 70 0.188604027835 73 0.114567963609 84 0.194180508963 85 0.052329055441 -1 0
8 34 0.165529516080 37 0.124054259430 39 0.177866764756 47 0.121749615534 51 0.199404734999 54 0.087922638300 68 0.115430048003 72 0.205964968316 75 0.170374560875 78 0.174094427561 -1 0
9 15 0.175192192834 18 0.219589868087 22 0.222418460764 28 0.209698800919 29 0.158028497737 35 0.186021453596 42 0.136966111905 44 0.221844154688 45 0.132882249284 46 0.117607697321 50 0.217973728029 52 0.188390927949 53 0.170077441838 55 0.125035813175 56 0.173782147170 59 0.099939421497 60 0.211471788731 65 0.187137947033 79 0.148507907166 83 0.209268545450 -1 0
10 18 0.215094158315 22 0.141776213578 29 0.123385662866 35 0.175096225277 36 0.063728405553 46 0.221815555422 53 0.094180329910 60 0.088946690715 62 0.049839821355 67 0.167322267852 69 0.128732825233 74 0.190881005833 76 0.208447089012 79 0.111365860521 80 0.199272928904 83 0.188501056950 88 0.149596050786 -1 0
11 14 0.159951142527 15 0.148030120515 23 0.064398935186 26 0.218436246442 27 0.171960277904 33 0.069968928732 41 0.037059464065 42 0.125338783117 44 0.054227377362 45 0.193784142728 65 0.093576212485 77 0.096077778046 81 0.109392330887 -1 0
12 40 0.062300159143 43 0.207444439675 67 0.192526907171 74 0.209036458104 76 0.126818945237 80 0.127487600587 -1 0
13 38 0.227171620859 48 0.143676489342 66 0.127015865646 70 0.059441860289 73 0.051287487636 85 0.095748188869 -1 0
14 15 0.177362335250 17 0.080438493803 23 0.223139944559 26 0.178786328335 33 0.122892893562 38 0.150989758888 41 0.146848812678 44 0.142515839233 50 0.202197227843 63 0.177991212600 84 0.199008422446 -1 0
15 17 0.226993527639 23 0.190877761037 26 0.087231502551 33 0.088460991288 34 0.168379294247 41 0.111366375944 42 0.138440153890 44 0.094730177890 45 0.056990191270 47 0.216515781690 50 0.088162280085 59 0.227203790630 65 0.162444532812 81 0.214635679187 -1 0
16 19 0.193288025419 20 0.181397116237 82 0.014046961877 86 0.171181737152 -1 0
17 26 0.196189079529 33 0.194728359776 38 0.094563468842 41 0.223197151402 44 0.216243708773 48 0.172704830758 50 0.221039018461 63 0.173055138642 66 0.207871806937 75 0.224131553298 84 0.202105880564 85 0.211634849363 -1 0
18 28 0.068884548406 29 0.120795450238 46 0.103381531458 52 0.222230657988 53 0.203090468959 55 0.131743521690 56 0.186740247026 59 0.216552351829 60 0.126775032654 62 0.186253474031 71 0.139292942955 79 0.186694018982 83 0.026962102747 -1 0
19 20 0.057134011395 21 0.098005339244 31 0.204645640753 82 0.206277389528 86 0.199928866757 89 0.224212164849 -1 0
20 21 0.154707750841 82 0.195372849347 89 0.219781825948 -1 0
21 31 0.124155130912 58 0.162503779417 63 0.221839228015 77 0.205677447703 84 0.198060781445 86 0.186366941610 -1 0
22 29 0.180486826173 34 0.216731322771 35 0.049281892721 36 0.106315105961 39 0.159971673702 53 0.097925071268 60 0.189444265215 62 0.189890849672 69 0.037848037651 72 0.132504802643 78 0.153040313679 79 0.116610704184 88 0.020517428260 -1 0
23 27 0.109324552826 33 0.128696848746 41 0.092753064115 42 0.111695725621 44 0.108209418143 45 0.225448850500 57 0.206223213303 59 0.213698347810 65 0.062662223779 77 0.060033142351 81 0.047713537169 -1 0
24 25 0.038251007950 32 0.132989274027 52 0.134396939972 56 0.160075843501 57 0.097375735720 59 0.221624379384 -1 0
25 32 0.105797231147 52 0.159626028014 56 0.180032381132 57 0.135609227581 61 0.215460485942 87 0.214227266186 -1 0
26 33 0.149260943500 34 0.094327954116 35 0.225024256789 41 0.181950666896 42 0.225322853655 44 0.164909795538 45 0.102485005702 47 0.130701210660 50 0.024882136392 -1 0
27 41 0.202072198811 42 0.181671409294 44 0.217314296480 57 0.144749360589 65 0.136904083755 77 0.096969089469 81 0.080853015622 89 0.169949669685 -1 0
28 29 0.164153543359 46 0.097982843077 52 0.160598780155 55 0.093247068957 56 0.126144232182 59 0.176071710432 60 0.186022987577 61 0.196027263024 71 0.193542752493 79 0.224308651996 83 0.090469821660 -1 0
29 35 0.180877790960 36 0.171525227235 46 0.098445544314 53 0.082638629356 55 0.153678434675 59 0.210803771208 60 0.053732365469 62 0.122193374024 69 0.194017617507 71 0.211843882897 79 0.066247814627 83 0.095843581541 88 0.198771799109 -1 0
30 61 0.057009698283 87 0.092203295747 -1 0
31 38 0.217690991163 58 0.048047560770 63 0.104708100304 84 0.076549677589 86 0.144387431270 -1 0
32 57 0.219056826437 87 0.195858395990 -1 0
33 41 0.035949226820 42 0.136752550917 44 0.022602548560 45 0.142351108339 50 0.161743295966 65 0.130292812213 77 0.165928038391 81 0.166789630225 -1 0
34 35 0.179219763569 39 0.212148645647 45 0.153330927151 47 0.069007250985 50 0.081429612958 72 0.219238142559 75 0.209509189872 78 0.201596988157 88 0.217630108028 -1 0
35 36 0.151162933517 39 0.177357803802 45 0.181817011027 50 0.200164331449 53 0.105042647867 60 0.203141007585 62 0.219399894408 69 0.086919157650 72 0.155924505436 78 0.168232242254 79 0.114812967513 88 0.063504247836 -1 0
36 39 0.216332560517 53 0.111955326272 60 0.148522971848 62 0.110459775295 67 0.161357109585 69 0.079724081459 72 0.183948335115 74 0.194691581613 76 0.181859693212 78 0.214338508896 79 0.135664178514 80 0.159092716062 88 0.106047551151 -1 0
37 47 0.213937093718 49 0.169659742159 51 0.112175101377 54 0.040525171900 64 0.149185934809 68 0.030029486970 75 0.163960169673 -1 0
38 48 0.090708811816 58 0.215810072545 63 0.115747137732 66 0.192598987458 73 0.180152152680 84 0.147401254843 85 0.137615297338 -1 0
39 43 0.153969733003 69 0.150854585927 72 0.032387351007 78 0.011221587225 88 0.141347667020 -1 0
40 43 0.209954601775 67 0.131707083238 74 0.152338444212 76 0.064893261768 80 0.070869835781 -1 0
41 42 0.116267459825 44 0.017193695034 45 0.159144071514 50 0.192220747560 65 0.099663264339 77 0.132556714544 81 0.131592245111 -1 0
42 44 0.117040499603 45 0.145516005277 46 0.227351465175 50 0.222338017054 52 0.184428012265 55 0.201232969358 56 0.195977712070 57 0.195425573018 59 0.118206621949 65 0.050574475343 77 0.171403960877 81 0.103775606702 -1 0
43 72 0.155782979292 78 0.164890518934 80 0.193824371587 -1 0
44 45 0.144016389560 50 0.175027362206 65 0.107803947452 77 0.149696299565 81 0.144712154943 -1 0
45 47 0.214057937318 50 0.088647779190 59 0.204813812278 65 0.183480770527 79 0.223810464086 -1 0
46 52 0.163689656838 53 0.165326741666 55 0.055253001405 56 0.131536928621 59 0.124103663939 60 0.143362306438 62 0.215559491983 79 0.141815055331 83 0.098017842658 -1 0
47 50 0.129898860333 54 0.191366490526 68 0.190930881772 75 0.142670338790 78 0.220017694806 -1 0
48 63 0.171850925388 66 0.154292351884 70 0.178279073190 73 0.103847086762 84 0.198893981810 85 0.048862592337 -1 0
49 51 0.065026519233 54 0.205764980232 64 0.121501647515 66 0.164387941416 68 0.157398606525 70 0.178851530834 75 0.158535739931 -1 0
50 -1 0
51 54 0.144623790533 64 0.128637682066 66 0.179616987961 68 0.094992452863 70 0.222772377560 75 0.114166357173 -1 0
52 55 0.108494937836 56 0.035561802542 57 0.107857191331 59 0.091368362504 65 0.200757507992 81 0.206575288999 -1 0
53 55 0.217010211669 60 0.098129917500 62 0.126102427320 69 0.113144606187 79 0.024468937998 83 0.177473312682 88 0.116154521411 -1 0
54 64 0.188727600607 68 0.049952539350 75 0.171156087065 -1 0
55 56 0.076492326182 57 0.213569774334 59 0.085562384052 60 0.197693573735 79 0.192876570797 83 0.136543411500 -1 0
56 57 0.143382367715 59 0.086703933879 65 0.219753023000 83 0.199252122602 -1 0
57 59 0.165237573011 65 0.183227470860 81 0.158512423443 -1 0
58 63 0.100694306521 84 0.069046641687 86 0.118668034661 -1 0
59 65 0.153574283621 81 0.183622163669 83 0.218543209399 -1 0
60 62 0.072214383802 69 0.192510979311 71 0.178192019701 79 0.094568556018 83 0.099954760685 88 0.204493104470 -1 0
61 87 0.140739482950 -1 0
62 67 0.165500581489 69 0.178539989571 71 0.187588534686 74 0.179198848230 76 0.219199163734 79 0.136164094019 80 0.220992998438 83 0.161281992418 88 0.198857178432 -1 0
63 84 0.031748664504 85 0.218746679409 86 0.217695159024 -1 0
64 68 0.159805696434 -1 0
65 77 0.121518823821 81 0.056337806742 -1 0
66 70 0.097049771885 73 0.091512339532 75 0.149387726842 85 0.136116449338 -1 0
67 74 0.039768766899 76 0.067600790894 80 0.100415099302 -1 0
68 75 0.134042314048 -1 0
69 72 0.119900850607 78 0.146253541056 79 0.135610565102 80 0.202970081464 88 0.027884426647 -1 0
70 73 0.074609906405 85 0.136306827145 -1 0
71 83 0.141493870627 -1 0
72 78 0.032195866332 88 0.112978043875 -1 0
73 85 0.062649377701 -1 0
74 76 0.094118680700 80 0.135285042344 -1 0
75 -1 0
76 80 0.049481634113 -1 0
77 81 0.085556059063 89 0.216012389010 -1 0
78 88 0.134980441162 -1 0
79 83 0.162070295786 88 0.135911361734 -1 0
80 -1 0
81 -1 0
82 86 0.171911712199 -1 0
83 -1 0
84 86 0.186686080848 -1 0
85 -1 0
86 -1 0
87 -1 0
88 -1 0
89 -1 0
