0.601081860252 0.807910288218
0.319342662115 0.950795460958
0.800846647006 0.163995161653
0.045365062077 0.241725811735
0.867329768371 0.947189295664
0.063062894624 0.246588796377
0.390529858880 0.930691750254
0.393327384256 0.914322392084
0.253322952893 0.771270884667
0.865671633743 0.333109052386
0.123452270869 0.334263894241
0.416747159790 0.661423746031
0.279146090616 0.868571030442
0.539293776732 0.137571654283
0.662140987813 0.677553942427
0.863534703851 0.263222848065
0.485464230645 0.182877365965
0.214018309023 0.286310878117
0.346872527618 0.259383371565
0.528036689851 0.214202295989
0.206572667230 0.591099584475
0.460791092366 0.597102526575
0.521791334730 0.854118477087
0.511424918659 0.775114287622
0.625389361754 0.377096552402
0.108223340008 0.748841632623
0.711360447109 0.524970499799
0.410265378654 0.990506537724
0.393541530240 0.949559155386
0.128078192472 0.055682518519
0.627113097813 0.991612896323
0.318905366585 0.112577328924
0.174490262289 0.532923676074
0.398888207041 0.521362789907
0.792307047639 0.926924896892
0.735565085895 0.998879714869
0.518024481367 0.196356178261
0.595982241444 0.039815816097
0.050474655349 0.107407160569
0.814930103719 0.675864017569
0.484503712971 0.923153443728
0.424705650192 0.195864160080
0.448123943526 0.834971029311
0.186370698269 0.841665473767
0.784530184697 0.314448890742
0.897347992286 0.411643282976
0.306061787065 0.216253359336
0.524220611900 0.480552049354
0.749177035410 0.923108818941
0.001914839260 0.541484083049
0.850033715833 0.737479925156
0.540363797918 0.368058197200
0.933836103417 0.136346039828
0.407874013297 0.984310759231
0.243753200397 0.222804117016
0.660174776800 0.728256913368
0.145957560744 0.084880426992
0.924121073913 0.594081504270
0.919851456303 0.110491772182
0.435746978037 0.704381641466
0.424940662924 0.333094970789
0.116024924442 0.731002449989
0.549348330125 0.640245536342
0.211554499343 0.298525365535
0.563354355283 0.213469338603
0.840009448584 0.413388071116
0.950949263759 0.380373246502
0.781446268316 0.884785367176
0.516719286330 0.189320281614
0.869096126407 0.760472486727
0.412124398630 0.529270903207
0.488729400560 0.558081959374
0.614151330665 0.412850474473
0.152163463645 0.534002786968
0.523342246655 0.587910441682
0.238384428434 0.948282909580
0.921005412471 0.354409352876
0.679285359569 0.470353742596
0.994654889219 0.890839858912
0.768879108131 0.558009244502
0.104309197515 0.608888556715
0.971397315618 0.055258461274
0.989261803683 0.752843583934
0.940043828450 0.505981090013 
0.942163865548 0.809139955323
0.266453577206 0.354288264178
0.338410858531 0.755182977766
0.912370223552 0.952562189195
0.168033452239 0.064533687197
0.486564976629 0.691375698894
