0.000000
1.000000
90
10
0.227500
0.000000
0.573081298731 0.852963095531
0.022722658701 0.579564064275
0.234052713960 0.670566048007
0.317994769197 0.680604750291
0.267631790601 0.046488619410
0.546699718572 0.305974483024
0.703669366427 0.962071255315
0.530911981594 0.112003825605
0.183174598962 0.262141534593
0.015170192812 0.758231566288
0 1 0.111064532149  7 0.085625319310  8 0.191316298165  17 0.178756122020  22 0.200496651083  24 0.198235160680  31 0.060064905639  37 0.137960101947  44 0.099870069882  46 0.021934122549  47 0.179417326964  58 0.167753548556  60 0.190588925394  65 0.143267040092  67 0.164179810186  71 0.079387714059  76 0.094772173127  79 0.152891342550  86 0.159758166971  -1 0
1 2 0.194396664156  14 0.157702649323  48 0.195903502025  66 0.150457435586  72 0.193690165700  74 0.145028210158  -1 0
2 2 0.191227077348  3 0.171915643969  4 0.124601750644  11 0.142745746928  14 0.109155057509  30 0.162241281120  38 0.125919438926  39 0.023279554430  45 0.181428919900  48 0.212269279197  64 0.099435008060  72 0.225897993593  74 0.194116187634  88 0.173181763182  89 0.204226121449  -1 0
3 1 0.200178780965  3 0.142345802809  4 0.049200532920  7 0.222241600142  11 0.112207400033  14 0.190574607388  22 0.189568074480  24 0.165343445587  28 0.197292338808  30 0.140724570241  38 0.170269119867  39 0.062155645046  40 0.191832335204  45 0.153989837062  64 0.148679423955  79 0.182282006960  88 0.092225111407  89 0.153721399909  -1 0
4 9 0.219562751723  19 0.209625965086  34 0.134608444803  35 0.189552373761  80 0.050256176831  85 0.046918035720  -1 0
5 6 0.216549219472  13 0.185713607236  16 0.121842692351  19 0.209538301516  35 0.209908640681  36 0.224330106193  50 0.027065746041  59 0.211252093798  77 0.097609640509  78 0.176554057825  81 0.043062892133  82 0.060145203180  -1 0
6 0 0.112888561878  8 0.153795491165  17 0.161221435338  31 0.150237494944  37 0.110370532074  46 0.152120880748  47 0.161010833495  67 0.117271118064  71 0.162303144580  73 0.211981005272  76 0.213464462808  -1 0
7 6 0.046058821467  9 0.094058934064  13 0.164785101010  19 0.223564874933  33 0.187615626290  34 0.137954627866  35 0.199604613796  50 0.171880030787  59 0.159052059445  81 0.153435062973  82 0.184687924516  -1 0
8 2 0.222050874384  19 0.166034542006  21 0.123486733713  23 0.008972375009  25 0.143653345056  32 0.063294348531  35 0.182252050724  41 0.188928980406  48 0.202755520292  54 0.005872242855  66 0.217993758375  72 0.192206729298  80 0.207680572413  83 0.085116055791  -1 0
9 5 0.172117161393  14 0.128534675760  38 0.171681310700  64 0.177868151813  84 0.194658095430  -1 0
0 8 0.108213202353 12 0.194822035077 15 0.130530490077 17 0.127100171183 37 0.222544240230 47 0.126329897399 62 0.200027886254 67 0.097584730747 68 0.178878511167 71 0.196696861468 73 0.137207472994 -1 0
1 4 0.152118521926 7 0.031245388346 22 0.150835180921 24 0.134523473566 28 0.211271133961 30 0.173266393185 31 0.136858509161 37 0.218697282100 44 0.083182323767 45 0.160604120847 46 0.126368866118 58 0.184672897838 60 0.188916605348 65 0.186143756902 71 0.170654285178 76 0.102516327931 79 0.052767705858 86 0.144192451992 88 0.168155705514 -1 0
2 3 0.165646457953 11 0.166745864949 14 0.222245534362 21 0.104532175514 23 0.215761270391 25 0.170999265736 32 0.179784690290 39 0.195004694132 48 0.021799556668 54 0.225224049182 66 0.156343141723 72 0.037232944381 74 0.050964361740 83 0.190273338777 89 0.216945533205 -1 0
3 4 0.177553825676 11 0.030946223825 22 0.200957160207 24 0.191449539162 25 0.198443454657 28 0.162223679892 36 0.136217805555 39 0.155383945952 40 0.115897288911 48 0.182641784712 72 0.197696222348 74 0.208483086279 88 0.127829636514 89 0.052011245690 -1 0
4 7 0.175705315884 11 0.149821185180 14 0.221882772370 22 0.167258950619 24 0.140981232835 28 0.190547022492 30 0.113247861910 38 0.177673783110 39 0.104992395570 40 0.199836733733 44 0.192386422200 45 0.121384528146 64 0.161515336139 79 0.133260842249 88 0.086243280110 89 0.176274327150 -1 0
5 38 0.178720806551 42 0.119615792309 53 0.094292214086 64 0.203614988026 84 0.047939073967 -1 0
6 9 0.105370088276 13 0.140484590697 33 0.149133646780 34 0.172829901279 50 0.197255943784 59 0.127300250211 81 0.173600245197 82 0.217508695034 -1 0
7 22 0.142261106801 24 0.130945468860 28 0.205199470074 30 0.204425347383 31 0.122124012300 37 0.206219166975 44 0.058004102148 45 0.191846480086 46 0.103594150364 55 0.226894629614 58 0.159381012507 60 0.198958365849 65 0.157082906834 71 0.139832268624 76 0.103466776761 79 0.083366665388 86 0.156101262697 88 0.178594297258 -1 0
8 15 0.210124068883 17 0.020530911408 26 0.194222723100 27 0.194966101303 31 0.219823904687 43 0.176916717250 46 0.189668421560 47 0.019636052858 55 0.207138735889 56 0.154500836668 58 0.199462168607 62 0.143243971882 65 0.157937100500 67 0.038685520052 68 0.100841483598 71 0.120439134401 73 0.064663949929 87 0.216652585575 -1 0
9 34 0.093388472196 35 0.223825530473 85 0.175140954640 -1 0
10 18 0.065006370163 33 0.170444778184 51 0.073685849612 57 0.062491339055 59 0.213057456700 61 0.115693641304 63 0.036241139737 69 0.042414740625 -1 0
11 22 0.195804764667 24 0.182530766966 25 0.223591413525 28 0.166249653435 36 0.154948363345 39 0.125273282051 40 0.128412446311 48 0.185875737230 72 0.201533969882 74 0.204394185823 88 0.111031059491 89 0.066722102931 -1 0
12 15 0.090932584494 27 0.178383039157 43 0.216066057951 62 0.185108882228 68 0.214241966995 73 0.201399852690 -1 0
13 18 0.226298564285 33 0.070369052207 50 0.183876127468 51 0.200468119351 57 0.220790791095 59 0.031566593534 63 0.198571424556 77 0.199402349236 81 0.153108457997 82 0.224149594602 -1 0
14 30 0.209394268504 38 0.105767382861 39 0.132284821511 64 0.091330274308 74 0.198486274695 -1 0
15 62 0.217320334979 67 0.217127183212 68 0.227027799357 73 0.198397333740 -1 0
16 20 0.197774003827 28 0.225564145856 36 0.174335081965 40 0.211500402601 50 0.148900431885 52 0.190916865923 77 0.039365775265 78 0.055195107267 81 0.155656598467 82 0.171072529877 -1 0
17 26 0.177731690466 27 0.200979043558 29 0.226431020891 31 0.211837868340 43 0.178427502912 44 0.213921755343 46 0.179122036885 47 0.000912889043 55 0.187974240432 56 0.148747355599 58 0.178934624580 62 0.148396518723 65 0.137429696892 67 0.044102966705 68 0.102032206108 71 0.104596154515 73 0.072121150863 87 0.211214162766 -1 0
18 33 0.174719450340 51 0.125058484968 57 0.121334472920 59 0.212272443726 61 0.110777614839 63 0.068242188164 69 0.106311408262 -1 0
19 23 0.160495654808 25 0.120191720034 32 0.138228977967 34 0.181931517357 35 0.029493318241 50 0.188442088660 54 0.170737674254 80 0.223737278212 81 0.208043048004 82 0.149660798534 85 0.213824796809 -1 0
20 29 0.222291830647 49 0.201326076298 52 0.025260655323 70 0.202968844616 75 0.211131478027 77 0.196191301596 78 0.179475466616 87 0.204576655633 -1 0
21 23 0.118801717841 25 0.139507740841 32 0.100069609280 48 0.083341759829 54 0.125616883831 66 0.126215758519 72 0.070520601580 74 0.116679780724 83 0.087887051566 -1 0
22 24 0.026644024478 26 0.205033329478 28 0.063571207898 36 0.145057740489 40 0.117829751016 44 0.100742643758 46 0.222422588507 55 0.151985461484 58 0.106631177365 65 0.142260060119 71 0.200322308588 79 0.187061756189 88 0.100711489779 89 0.157029521744 -1 0
23 25 0.134728211909 32 0.054336016950 35 0.177765896271 41 0.197625953568 48 0.196793317427 54 0.014749615698 66 0.217594502739 72 0.186670312344 80 0.212730586015 83 0.087437216234 -1 0
24 28 0.077007845777 36 0.155439669420 39 0.226267966739 40 0.123458775643 44 0.099347612068 46 0.219910431179 55 0.177358569900 58 0.127708373758 65 0.159694064566 71 0.208452404469 79 0.165946118550 88 0.079738737834 89 0.152088100723 -1 0
25 32 0.081640585222 35 0.149648519962 48 0.163607094690 54 0.149476422181 72 0.164706779545 74 0.214782523162 82 0.199420426258 83 0.188022960915 89 0.224668841769 -1 0
26 27 0.221697869530 28 0.213412259893 29 0.173824934993 43 0.175457886206 44 0.214542379627 47 0.178324223498 49 0.221562495273 55 0.053048097100 56 0.112353194103 58 0.114335787235 62 0.188412823700 65 0.117675042372 67 0.219056614883 68 0.155578493010 71 0.192335613316 73 0.180612474089 75 0.221776850754 78 0.189214640605 87 0.133059900233 -1 0
27 29 0.086031908601 43 0.046519314928 47 0.200510366164 49 0.122522791027 56 0.109612259106 62 0.052761952624 68 0.102515661401 70 0.223379386900 73 0.130321274295 75 0.112463510265 87 0.115905410879 -1 0
28 36 0.081570062991 40 0.058457737470 44 0.163749815601 55 0.163588612450 58 0.142784594928 65 0.184533333924 78 0.199606679676 88 0.106565106334 89 0.111901934078 -1 0
29 43 0.059177252467 47 0.226293300494 49 0.061016159051 55 0.226571363947 56 0.084197646889 62 0.102256109865 68 0.128052245723 70 0.174208162331 73 0.169178404743 75 0.055916050502 87 0.042215228500 -1 0
30 38 0.117925688967 39 0.157313092175 42 0.160535672518 45 0.020416177984 64 0.119936464595 76 0.218384144879 79 0.124710652745 86 0.200761564549 88 0.197823336829 -1 0
31 37 0.084321829089 44 0.154177228182 46 0.042048690825 47 0.212316380337 60 0.141716439487 65 0.201830348934 67 0.185953235912 71 0.127375019147 76 0.065237504824 79 0.162182007826 86 0.120843669233 -1 0
32 35 0.162169572137 48 0.163669043947 54 0.068951963677 66 0.219791262195 72 0.156931121286 74 0.208841225030 83 0.113839730562 -1 0
33 51 0.130248644086 57 0.150804000661 59 0.043320441888 63 0.134297602143 69 0.168539039688 81 0.219002124876 -1 0
34 35 0.152554443758 80 0.182401791672 85 0.096659073366 -1 0
35 50 0.186531479180 54 0.186414580722 80 0.209080606833 81 0.202350106130 82 0.151789983308 85 0.189277775528 -1 0
36 40 0.038964973835 55 0.212060452537 58 0.211809952270 77 0.206477357155 78 0.167711949969 88 0.153757666187 89 0.088245738340 -1 0
37 46 0.116269059118 60 0.147601016077 67 0.197862736520 71 0.182196429019 76 0.127659040202 86 0.152782935565 -1 0
38 39 0.139010588173 42 0.149825571269 45 0.136103337508 64 0.026591112355 84 0.226057616697 -1 0
39 45 0.175395667387 48 0.216554142420 64 0.113246888634 74 0.203653878873 88 0.149911774661 89 0.184313635395 -1 0
40 44 0.218390477860 55 0.212678742993 58 0.200037065925 78 0.199948186913 88 0.114795675765 89 0.064001389036 -1 0
41 54 0.183058293487 83 0.168846803587 -1 0
42 45 0.161053003925 53 0.192353782546 64 0.175114321855 84 0.156785364348 -1 0
43 47 0.178137401980 49 0.113852221412 55 0.224190601115 56 0.063961077044 62 0.043079499362 67 0.215585095216 68 0.076487011687 70 0.225155748911 73 0.114500942257 75 0.105795487184 87 0.075593226059 -1 0
44 46 0.121768575584 47 0.214799275737 55 0.169281399837 58 0.101798634605 65 0.105061527642 67 0.219568346890 71 0.116768432642 76 0.154640637094 79 0.134899493584 86 0.212132713424 88 0.167512853133 -1 0
45 60 0.213513126672 64 0.139635917649 76 0.199542610702 79 0.110096368239 86 0.180411396727 88 0.203175579014 -1 0
46 47 0.179701424673 58 0.186988814210 60 0.179985160257 65 0.159881767361 67 0.159338440810 71 0.087054693196 76 0.090131885064 79 0.163742966104 86 0.153296619318 -1 0
47 55 0.188738180018 56 0.148771824335 58 0.179826841355 62 0.147948291601 65 0.138333286945 67 0.043836165292 68 0.101719723982 71 0.105373134149 73 0.071534329107 87 0.211240660708 -1 0
48 54 0.205696039948 66 0.140734438074 72 0.015859623264 74 0.051238207875 83 0.168541359137 -1 0
49 52 0.225552519986 56 0.144452472827 62 0.155293853384 68 0.187585770603 70 0.113259731233 75 0.010491972567 87 0.090936822040 -1 0
50 59 0.206644294003 77 0.123969075045 78 0.203550958744 81 0.030964178293 82 0.043497415874 -1 0
51 57 0.021514687567 59 0.172819764040 61 0.187196247436 63 0.057190136497 69 0.045561869565 -1 0
52 70 0.220066335502 77 0.184550494800 78 0.179746561450 -1 0
53 84 0.046945933315 -1 0
54 66 0.217098169190 72 0.194843012124 80 0.205749024724 83 0.082771280103 -1 0
55 56 0.160257650253 58 0.067517795664 65 0.086122219453 67 0.223905671977 68 0.192637653099 71 0.172328061570 73 0.209393988206 78 0.184243981881 87 0.186061110636 -1 0
56 58 0.204008499214 62 0.079209157850 65 0.184970285802 67 0.191494678679 68 0.065707202215 71 0.220974200280 73 0.106267976676 75 0.140070984119 87 0.062469272354 -1 0
57 59 0.193641234531 61 0.171342274313 63 0.057489047665 69 0.026256424098 -1 0
58 65 0.042948694276 67 0.204471339236 68 0.217983348195 71 0.126696532038 73 0.222147084730 88 0.206735782666 -1 0
59 63 0.176827858795 69 0.211819722275 81 0.175681728002 -1 0
60 76 0.100566900556 79 0.169700988073 86 0.045280374468 -1 0
61 63 0.147790777591 69 0.145532681911 -1 0
62 67 0.181310006800 68 0.050476157171 73 0.078686385034 75 0.146610265258 87 0.113824022432 -1 0
63 69 0.052793574226 -1 0
64 -1 0
65 67 0.161563694190 68 0.187484249236 71 0.088357404952 73 0.186046220546 -1 0
66 72 0.127218549154 74 0.119623794740 83 0.138067617907 -1 0
67 68 0.139517197864 71 0.103037017210 73 0.102627924941 -1 0
68 71 0.195405133463 73 0.042240002417 75 0.180467993365 87 0.122484281076 -1 0
69 -1 0
70 75 0.119844580901 87 0.198862394680 -1 0
71 73 0.174633620751 76 0.173954029297 79 0.220122435232 -1 0
72 74 0.052445296178 83 0.153982402207 -1 0
73 75 0.220078339468 87 0.164646160677 -1 0
74 83 0.190565362995 -1 0
75 87 0.089634139429 -1 0
76 79 0.108814656889 86 0.065148800003 -1 0
77 78 0.090277371280 81 0.124581607773 82 0.153894451941 -1 0
78 81 0.210827767752 82 0.222956516029 -1 0
79 86 0.125010012828 88 0.176371549054 -1 0
80 85 0.096902519329 -1 0
81 82 0.071911270231 -1 0
82 -1 0
83 -1 0
84 -1 0
85 -1 0
86 -1 0
87 -1 0
88 89 0.105179723401 -1 0
89 -1 0
