0.635629295837 0.215193527285
0.658155508339 0.319317039568
0.001454554498 0.815280139446
0.135265110061 0.463287756313
0.749581547454 0.345571414568
0.272433736827 0.028067663778
0.269544262905 0.636201276444
0.339835697319 0.617855126970
0.667660794687 0.696123060770
0.695563361049 0.882779697888
0.781198431272 0.938097332139
0.859761171974 0.568979513366
0.595120550599 0.259920292068
0.999148582574 0.130327672698
0.798314843792 0.479077346623
0.134029376786 0.433944139630
0.694270874374 0.792184885126
0.753261179198 0.695725428872
0.607465025038 0.888526289724
0.159013185184 0.357046572492
0.234097704291 0.431446922012
0.385114236269 0.503641967196
0.067648198456 0.724949934054
0.121497094166 0.735308993142
0.421072994824 0.817060455680
0.618088691030 0.202271426562
0.755157787818 0.477849863470
0.771250939928 0.350278338417
0.737770155538 0.770399522968
0.480606011115 0.536084999330
0.249476869591 0.614635387901
0.970029139426 0.943747743964
0.406820273027 0.723290318623
0.639473172836 0.014285298064
0.611816608347 0.798486358020
0.371331871022 0.845914312638
0.229933280032 0.756446107291
0.349556280300 0.297581478488
0.481396041345 0.471053374466
0.032890472095 0.902469036635
0.288113830145 0.650979163125
0.104740463197 0.043271617964
0.128829026595 0.875991403125
0.393549956381 0.866599182598
0.646390926093 0.874155967496
0.402684181929 0.895867796149
0.488791355398 0.372713321354
0.839615540113 0.895611628890
0.096003640443 0.479088713415
0.909896926954 0.707820248790
0.277575071435 0.281228797976
0.553734561894 0.507508351933
0.037674905732 0.903290842194
0.805089830421 0.519070947077
0.374344216660 0.837980302516
0.421539983712 0.662458047271
0.488959466107 0.526280446909
0.705729665235 0.617788492702
0.402271850500 0.099279622082
0.484387675300 0.048662776593
0.973435589578 0.887071857695
0.944530572742 0.462226945441
0.259785179049 0.784146113321
0.357838574331 0.355788819492
0.263234826736 0.267735501286
0.063609068748 0.540809898172
0.548964299727 0.617343630642
0.048318250105 0.586639205460
0.520634472836 0.853408080991
0.105710152537 0.894978689495
0.691388383508 0.527250136714
0.557436736766 0.180347849615
0.053530583624 0.263166402467
0.798136342783 0.455802434124
0.362446024548 0.282524018083
0.504465211183 0.335881614126
0.169595875777 0.448995783925
0.798108559567 0.429381055292
0.233141897246 0.155947133899
0.785169874784 0.496376723982
0.423682635650 0.848778943531
0.037186622620 0.972646935377
0.466122574173 0.085504872724
0.559286140837 0.986757047009
0.938912953716 0.664996293373
0.881735736970 0.630301337689
0.192246430088 0.439172473736
0.810649187304 0.245777014177
0.702338876203 0.608785530087
0.701579448301 0.064784900751
