0.000000
1.000000
90
10
0.227500
0.000000
0.026853647083 0.270462538116
0.684092873242 0.585947491694
0.663193695247 0.615241147112
0.190796833020 0.192577824462
0.731477350928 0.686323098373
0.301430208609 0.321468122769
0.448861453682 0.004453168251
0.148363076616 0.135726722889
0.122818277683 0.515443181619
0.576164925005 0.280198642518
0 1 0.213313241709  4 0.109937173766  20 0.194544092767  27 0.128797918054  36 0.173672448815  38 0.019031025583  44 0.131505747500  53 0.220151098856  74 0.200663724894  -1 0
1 3 0.224527870023  10 0.091843717825  14 0.187337249287  19 0.206301149380  21 0.179131905769  22 0.079007618606  23 0.094209510006  39 0.184698686320  47 0.222899564957  48 0.073433091428  54 0.151887301310  56 0.155367882781  61 0.077130257545  65 0.113751118107  -1 0
2 3 0.188647074059  10 0.060867657398  14 0.153737393185  19 0.208716985363  21 0.210242211994  22 0.106166565854  23 0.061514577137  37 0.225792643693  39 0.180690870716  48 0.059545027224  54 0.149488041866  56 0.144787834134  61 0.102140591870  65 0.147757785577  -1 0
3 1 0.219234186557  4 0.076921040467  17 0.149089330290  25 0.159642886846  27 0.074422112148  30 0.157984656523  32 0.096796671824  38 0.198507981399  44 0.080649356069  58 0.153366459521  64 0.221310776223  74 0.211638452895  82 0.104324680464  -1 0
4 3 0.203676255035  10 0.137834872639  14 0.128239941728  18 0.206548320531  19 0.120330815783  21 0.204515786532  22 0.112441299956  23 0.073809337690  31 0.191114476170  33 0.193492022517  37 0.184086872453  48 0.039261650631  54 0.058569746271  61 0.187892167297  65 0.211912049299  67 0.143467142454  72 0.218133284867  78 0.159832176423  -1 0
5 1 0.146048179744  4 0.220248359601  6 0.175037456306  25 0.220972148621  27 0.159626658499  28 0.104882993683  32 0.101721229775  46 0.179615592231  52 0.213263784704  53 0.160934049815  58 0.208531051512  59 0.162011708661  64 0.130703306494  75 0.180191141558  82 0.128257857529  83 0.155970842669  -1 0
6 5 0.215083300088  12 0.217956877830  17 0.172429791382  25 0.159792827170  35 0.171794238314  58 0.167233474561  89 0.204954725306  -1 0
7 4 0.076526728844  17 0.157679777807  25 0.176862249863  27 0.122298016258  29 0.165696451581  30 0.087724141383  32 0.159753129704  38 0.200386977738  44 0.050014941248  58 0.175493447182  74 0.145750639252  82 0.157668680368  -1 0
8 1 0.121744354962  20 0.093048662630  34 0.113489820244  36 0.091466109523  43 0.033894438613  46 0.109444657171  53 0.104952851602  59 0.102101617682  62 0.118381937765  64 0.133286361864  84 0.171386500586  87 0.049393530561  -1 0
9 2 0.099615955036  5 0.143744407233  6 0.102856442808  7 0.207628855190  12 0.175782060350  16 0.055896640072  26 0.045842158433  28 0.183926638082  35 0.173236646396  45 0.058723084188  70 0.162230222292  75 0.098235343201  83 0.169549915714  89 0.151277825600  -1 0
0 9 0.167682058162 13 0.076930643670 40 0.044392850454 42 0.134561830349 49 0.134419512144 50 0.179558259089 60 0.053998446277 69 0.088725554813 80 0.087946787365 81 0.193613231381 84 0.139738033650 85 0.090685876398 -1 0
1 4 0.219366523403 20 0.150839027430 27 0.157143116418 28 0.227367830607 32 0.213466448806 36 0.114064480730 38 0.212536338579 43 0.121774503738 46 0.084490866543 53 0.017190487183 59 0.023783563900 62 0.148917778945 64 0.021718150319 87 0.169116672399 -1 0
2 6 0.087942368697 16 0.145323851940 26 0.121613690725 28 0.127443435338 39 0.144975788906 45 0.149101611933 52 0.178876190977 56 0.185876189230 61 0.194538236825 65 0.211276830796 75 0.080604419701 83 0.087351044599 -1 0
3 10 0.142000161524 14 0.089513705048 18 0.097171340442 23 0.143269011808 37 0.116860421786 41 0.154775446198 48 0.195179334241 49 0.152882236425 56 0.205610034338 78 0.171257437862 81 0.202695350927 -1 0
4 17 0.216993361465 27 0.066807160521 29 0.196102424856 30 0.147667528612 32 0.169244031088 38 0.128295042213 44 0.033406490984 58 0.226560722761 74 0.165568036008 82 0.180656312349 -1 0
5 6 0.209990908724 7 0.113163850511 12 0.034536218757 16 0.099899690005 26 0.147141742925 35 0.044350640611 45 0.095941263170 70 0.084162248797 75 0.209922372107 76 0.205321069048 77 0.219921953816 89 0.010736078505 -1 0
6 16 0.112695358637 26 0.146593223364 28 0.084617305262 32 0.206716497038 35 0.221452587369 39 0.217307448264 45 0.116434890280 52 0.214330185478 75 0.007516643323 82 0.208368307520 83 0.092706592766 89 0.213356308971 -1 0
7 12 0.093852932455 16 0.188117379811 26 0.184294281811 35 0.144457090826 45 0.184752976317 55 0.225055630777 70 0.045402245208 73 0.181595499750 76 0.092201245017 77 0.121803885858 86 0.134268180821 89 0.118850167805 -1 0
8 19 0.218976771687 33 0.157579081424 67 0.151735064443 72 0.191698207218 79 0.085264848199 -1 0
9 13 0.181730892958 39 0.227089747576 40 0.199318238193 43 0.211662851821 46 0.190019774255 49 0.136503954257 52 0.163567871278 56 0.221164837890 60 0.114022905008 62 0.133139989613 66 0.081936768296 80 0.098859868433 81 0.044751853614 84 0.141283492378 -1 0
10 14 0.135796489148 18 0.208782480537 22 0.166929860856 23 0.069589240533 37 0.207261850134 39 0.149942848166 48 0.104777312997 54 0.195153497588 56 0.106851741077 61 0.130516604428 65 0.189350731489 66 0.220973834653 78 0.226327729806 -1 0
11 55 0.028648074316 71 0.174122903542 73 0.083620471288 76 0.170063114974 77 0.150140981613 86 0.200617306812 -1 0
12 16 0.134202233079 26 0.174189684947 35 0.050743775045 45 0.130250052763 70 0.078700828050 76 0.184748346887 77 0.189788803149 86 0.225364924299 89 0.032717077448 -1 0
13 15 0.197065466550 34 0.195270752807 40 0.115166411098 42 0.064718036587 49 0.199622345985 60 0.096314635257 62 0.211934195730 69 0.126842989011 80 0.082878314639 81 0.219675437116 84 0.087254278579 85 0.148043026988 87 0.210272641901 -1 0
14 18 0.083527607873 19 0.226212641378 23 0.093142600894 33 0.172393623469 37 0.072771329471 41 0.131629648385 48 0.133584689205 54 0.173497719221 67 0.190668317267 72 0.166559127469 78 0.097239373095 -1 0
15 42 0.146542028954 63 0.056493570816 68 0.122220564744 69 0.189226869894 85 0.226174894076 88 0.131562169761 -1 0
16 26 0.086410359330 28 0.196933702642 35 0.121629547834 45 0.003959930008 70 0.144632539976 75 0.111636353395 83 0.198351360178 89 0.105117669139 -1 0
17 25 0.025025328309 27 0.221059746706 30 0.192510060334 32 0.131956871287 44 0.203077038303 58 0.033010174712 82 0.103021296228 -1 0
18 23 0.176189341470 24 0.177549074694 33 0.171415915664 37 0.033280729304 41 0.058643744341 48 0.216478380101 49 0.217706278957 67 0.227239168298 72 0.143296995763 78 0.097447432074 -1 0
19 21 0.188892510254 22 0.156987298926 23 0.194064946123 31 0.081636306794 33 0.189994375543 47 0.202714719006 48 0.152443199377 54 0.061823771862 57 0.121995506708 67 0.097073455778 78 0.205899604401 -1 0
20 34 0.148137031282 36 0.040518444371 38 0.180849975681 43 0.126580792881 46 0.184106503964 53 0.140293596256 59 0.144073803676 62 0.209600654707 64 0.170898910539 87 0.120159081993 -1 0
21 22 0.105459473108 31 0.167053861666 47 0.044305273015 48 0.197735828954 51 0.179428677344 54 0.185747329184 57 0.175495137072 61 0.192400888725 65 0.146757864008 -1 0
22 23 0.143371315871 31 0.184390382775 47 0.147497346038 48 0.095541493931 54 0.120138905848 57 0.212646780731 61 0.122950227419 65 0.115203505676 -1 0
23 33 0.225910826735 37 0.164546273075 39 0.218218095043 41 0.223951998480 48 0.052759194633 54 0.132369535861 56 0.176077107191 61 0.163350397740 65 0.207921609972 67 0.202283303788 78 0.167910356626 -1 0
24 37 0.199617607338 41 0.149444086709 -1 0
25 30 0.216667642608 32 0.126027408270 44 0.220147738616 58 0.012577648437 82 0.095735995564 -1 0
26 28 0.224455159094 35 0.184672719590 45 0.087561030270 65 0.207191865292 70 0.140249543570 75 0.141281042061 83 0.202528343774 89 0.156630445194 -1 0
27 30 0.205945224690 32 0.133255334864 36 0.196216132085 38 0.142284695857 44 0.096329803651 53 0.171998135857 58 0.220765179300 59 0.180459389863 64 0.164235985872 82 0.154212796647 -1 0
28 32 0.172214416445 39 0.201233377159 45 0.200595030600 46 0.225343192977 52 0.159471461321 64 0.207238740398 75 0.087133005590 82 0.186022264683 83 0.057416541325 -1 0
29 30 0.095252558417 44 0.166966852318 74 0.035625501011 -1 0
30 44 0.114268766836 58 0.220207787389 74 0.092471379977 -1 0
31 47 0.162378921489 48 0.215740343136 54 0.134862337554 57 0.040596979973 67 0.166169552252 -1 0
32 44 0.177421691462 58 0.114353873387 64 0.205901881090 75 0.213871372687 82 0.030454146491 -1 0
33 37 0.139865700442 41 0.149160095692 54 0.184065105507 67 0.095090418692 72 0.047350738592 78 0.078846427759 -1 0
34 36 0.174627640211 42 0.169598300224 43 0.123250686343 46 0.208327094054 53 0.218432069458 59 0.215280995552 62 0.182859883119 80 0.215193711565 84 0.143530645255 87 0.069270086279 -1 0
35 45 0.117884434329 70 0.124022683812 75 0.222862082684 89 0.033741470327 -1 0
36 38 0.162884756758 43 0.120768918436 46 0.160047870796 53 0.105681846627 59 0.110959854395 62 0.197067184334 64 0.135017291219 87 0.131823705141 -1 0
37 41 0.059449316751 48 0.198929584978 54 0.215821972975 67 0.194157567335 72 0.115917535205 78 0.064327275543 -1 0
38 44 0.150488600647 53 0.217963548804 59 0.227260366437 74 0.215778697720 -1 0
39 52 0.102707354890 56 0.045051352255 61 0.143688455568 65 0.199615616028 66 0.146863080233 75 0.211549401644 81 0.190894334201 83 0.145111077445 -1 0
40 42 0.164233576773 49 0.132529140375 50 0.138803312631 60 0.087409753814 69 0.063299563228 80 0.130212844604 81 0.218451619309 84 0.184042743280 85 0.050381780650 88 0.226250817571 -1 0
41 67 0.225383400402 72 0.109297618379 78 0.095395095713 -1 0
42 60 0.160995928097 63 0.200514421547 69 0.151957293255 80 0.142606485065 84 0.117330963932 85 0.183183989189 87 0.205372640290 -1 0
43 46 0.086080725128 53 0.104646572398 59 0.098995958602 62 0.084698604326 64 0.128017248029 80 0.205237886209 84 0.148180401173 87 0.054035939243 -1 0
44 58 0.217112612855 74 0.138614832916 82 0.183421687317 -1 0
45 70 0.141449992578 75 0.115452934521 83 0.202290637405 89 0.101166319354 -1 0
46 52 0.185231544184 53 0.074483384386 59 0.064977027032 62 0.067505999874 64 0.074872937643 66 0.189857774436 80 0.224149759235 81 0.215534990414 84 0.190252257880 87 0.139663736488 -1 0
47 51 0.169678333567 54 0.211918634717 57 0.160312196642 65 0.186651237191 -1 0
48 54 0.091568662792 56 0.202303432871 61 0.150551894179 65 0.180416796706 67 0.182712587764 78 0.185960392820 -1 0
49 60 0.105306098146 66 0.181794255838 69 0.194803404352 80 0.147536827415 81 0.126872335598 84 0.219141650273 85 0.169897229584 -1 0
50 60 0.226106116090 68 0.177964180347 69 0.102640998966 85 0.089024946002 88 0.154278306467 -1 0
51 65 0.212019345189 71 0.134716470824 76 0.211059106620 86 0.137162530949 -1 0
52 56 0.129793739851 62 0.183803367249 64 0.223205059650 66 0.086890560108 75 0.211491600043 81 0.143962662418 83 0.121826706067 -1 0
53 59 0.009520068001 62 0.136029479252 64 0.031272902240 87 0.152026942404 -1 0
54 57 0.175017322680 61 0.224393767497 67 0.109150022385 72 0.219194116165 78 0.175352960784 -1 0
55 71 0.162156978516 73 0.059649536044 76 0.141804123554 77 0.123827654655 86 0.176283162048 -1 0
56 61 0.132705404874 65 0.195277820775 66 0.147492925706 81 0.180141438459 83 0.189923392316 -1 0
57 67 0.201982461300 -1 0
58 82 0.083953863749 -1 0
59 62 0.126770072735 64 0.031312263136 87 0.147991917507 -1 0
60 62 0.203496496974 66 0.192718471749 69 0.141894446232 80 0.051938567029 81 0.140069655390 84 0.121200121986 85 0.137732733381 -1 0
61 65 0.064698691734 -1 0
62 64 0.141922580529 66 0.157010830536 80 0.156649517201 81 0.166676752779 84 0.127243523847 87 0.123324237159 -1 0
63 68 0.087117320315 69 0.213445831357 88 0.104712343294 -1 0
64 87 0.178486346878 -1 0
65 -1 0
66 80 0.180559222233 81 0.057116118013 83 0.208705411172 84 0.214017345899 -1 0
67 72 0.140673747975 78 0.132546995139 79 0.204771486073 -1 0
68 69 0.182028847640 85 0.208142030471 88 0.023690924573 -1 0
69 80 0.173881230279 84 0.210992301032 85 0.037608049513 88 0.162981789529 -1 0
70 73 0.226239134809 76 0.129118787343 77 0.167204842912 86 0.152567611522 89 0.092679231189 -1 0
71 73 0.190927897093 76 0.151796923402 77 0.213449874754 86 0.104337841523 -1 0
72 78 0.070338714302 -1 0
73 76 0.113582378990 77 0.067664291456 86 0.170175210698 -1 0
74 -1 0
75 82 0.215779871971 83 0.090378922240 89 0.213647501629 -1 0
76 77 0.084165160572 86 0.073923121855 89 0.211016041749 -1 0
77 86 0.156817038169 89 0.221722932092 -1 0
78 -1 0
79 -1 0
80 81 0.137585201554 84 0.071829431907 85 0.178535923828 87 0.202372653660 -1 0
81 84 0.185731650201 -1 0
82 -1 0
83 -1 0
84 85 0.226320492311 87 0.134577389410 -1 0
85 88 0.187184952253 -1 0
86 -1 0
87 -1 0
88 -1 0
89 -1 0
