0.450013769325 0.398380834609
0.869527498726 0.602615064010
0.800972281024 0.645266202744
0.667551657651 0.285791061819
0.420435462147 0.204891518224
0.570746592712 0.885613747407
0.836832945235 0.704749407247
0.150254486594 0.750176980626
0.476089216769 0.631870413199
0.834636413027 0.990011414047
0.269052804913 0.947925724089
0.561742830556 0.661567774601
0.103913694620 0.220004734118
0.732532934751 0.038624315988
0.060464410577 0.820475566201
0.430031193420 0.510478179902
0.218856401276 0.299558692146
0.113093243912 0.019828682300
0.944824894890 0.780644901562
0.305619744584 0.365260357037
0.985536419787 0.876366337296
0.250874104444 0.822369365022
0.581115744542 0.401128591504
0.572546345647 0.057204961311 
0.032999004703 0.407182758674
0.047216375358 0.302051809616
0.355108483229 0.608959205914
0.963619584683 0.459022177849
0.828963940032 0.696152519435
0.497646493837 0.889428350609
0.516628085636 0.927677687258
0.399906530511 0.735484486911
0.227236379404 0.512999774422
0.755313169677 0.172061274294
0.293644675985 0.060932914261
0.537321631331 0.279181096237
0.937299251556 0.788195736241
0.101550461259 0.518414996099
0.189324327745 0.674096807372
0.575619957410 0.222323332448
0.081279566046 0.622836333234
0.524375142064 0.436388049275
