0.249279520474 0.583164009266
0.315812744200 0.515318694524
0.508259192575 0.186645881273
0.704387089238 0.272226464469
0.123286328744 0.236490284558
0.481726870406 0.168357265182
0.467600450851 0.336213310715
0.411685789470 0.356331308372
0.681302559096 0.029865736142
0.429067854770 0.756872313097
0.721334632952 0.561767933890
0.167858537287 0.084097419865
0.467976824380 0.867411519866
0.489654638804 0.102632112335
0.535536284093 0.268553758040
0.622899762355 0.784815804567
0.851717767771 0.938712507021
0.300134499092 0.359976960346
0.125358388294 0.004521588329
0.632203425281 0.248644717503
0.241011872888 0.113930295687
0.417001982685 0.708612324204
0.450143606402 0.828687772155
0.064943632577 0.131446165964
0.858553508297 0.494011487346
0.888318479061 0.579888141248
0.055779421702 0.056177016348
0.663985561579 0.523756246082
0.923588536680 0.153640200384
0.626388358418 0.459124820773
0.422193958424 0.249288120773
0.243940625340 0.273911726195
0.188000627793 0.544075124431
0.633888687007 0.313359016553
0.548596712761 0.266092112288
0.562003734056 0.789608585648
0.380022407975 0.979005716741
0.498220909853 0.830166014843
0.807693488896 0.563164542429
0.961612180807 0.666246997193
0.057176030241 0.849930659868
0.246135138907 0.112955451943
