0.000000
1.000000
42
7
0.341200
0.000000
0.065302336589 0.931107981596
0.948077551555 0.412539606914
0.575167202856 0.146259328816
0.856686451007 0.876895389520
0.149695537053 0.010205622297
0.588985719718 0.987362208776
0.249296376947 0.060431981459
0 3 0.137307559771  4 0.252822389890  12 0.221794837961  20 0.330130287487  27 0.276291115330  29 0.306512656877  31 0.200016831578  34 0.285336608994  -1 0
1 0 0.340704839181  2 0.167962214424  6 0.195816466865  9 0.324463399575  13 0.253602132790  14 0.313625873635  15 0.236283259323  18 0.179251609258  21 0.319889893481  23 0.196123369162  25 0.151534749775  26 0.335770685979  37 0.277598350233  38 0.117054121724  -1 0
2 0 0.140818702591  1 0.115031366991  6 0.267774533115  9 0.271696355684  14 0.144836895659  15 0.240557045843  16 0.236959334701  17 0.337989579423  19 0.223128400536  21 0.253294826293  30 0.155953786447  36 0.311644763641  -1 0
3 2 0.306444204651  7 0.291681480203  11 0.309684831153  13 0.243183240725  18 0.299899904792  23 0.329459231637  -1 0
4 10 0.193020217147  19 0.278156919967  28 0.209943611696  30 0.290760198381  39 0.060708988882  -1 0
5 7 0.297787498175  8 0.316458024920  11 0.036593913408  20 0.335495829028  29 0.224408116575  31 0.329824713060  -1 0
6 10 0.197379674925  19 0.172767987978  28 0.142915880946  30 0.181631484694  39 0.146477302297  -1 0
0 1 0.217867539952 6 0.144965690614 9 0.141728623912 14 0.076314730323 15 0.107250851064 16 0.170767611173 17 0.293177076270 19 0.290500350860 21 0.245252283151 23 0.326996157623 25 0.327208672006 26 0.251877263150 30 0.273947863796 33 0.318907625972 35 0.320169914498 36 0.237931056553 37 0.288615590039 -1 0
1 6 0.301639432219 14 0.177668477397 15 0.290828978494 19 0.319913135321 21 0.191970143191 30 0.221755115434 40 0.305343064774 -1 0
2 6 0.297603974044 7 0.321032988932 13 0.095810123556 15 0.320386865898 18 0.022102888588 23 0.125488868530 25 0.319494389985 26 0.304807925279 35 0.319642518726 37 0.224631837449 38 0.071630023663 -1 0
3 4 0.180420512878 12 0.253483627660 20 0.223957630356 27 0.223178617220 29 0.169231601497 31 0.062777105700 34 0.222854120052 -1 0
4 5 0.196281041047 8 0.227520986164 12 0.175424088558 20 0.100095212653 22 0.336802985617 24 0.333977070974 27 0.050055967431 29 0.217565606526 31 0.171902940758 32 0.242753871681 34 0.043299342254 41 0.184351440597 -1 0
5 7 0.239477241384 8 0.092538860509 9 0.312924476454 12 0.332678763380 16 0.279339333464 17 0.203323691521 20 0.135983069019 24 0.316109192346 26 0.255923602842 27 0.187858898539 29 0.300505893430 31 0.322065584659 32 0.071608775620 33 0.219801605756 34 0.172043034249 35 0.216425094636 36 0.204633181089 37 0.319157124185 41 0.101159701994 -1 0
6 9 0.170077842699 14 0.127814695044 15 0.046296711114 16 0.276884250864 18 0.317900114708 21 0.219434347055 23 0.225301155619 25 0.204688306699 26 0.240244180213 35 0.307343788127 36 0.323263095876 37 0.232179550068 38 0.226105696381 40 0.316531026867 -1 0
7 8 0.165192009636 9 0.278996205224 11 0.281745128484 18 0.334543286650 20 0.292274217581 23 0.227769039980 26 0.168153372517 32 0.168099179213 35 0.102568361766 36 0.302170847871 37 0.160196349481 38 0.317865351264 41 0.338228610089 -1 0
8 9 0.323622927016 11 0.285275511743 16 0.327477516354 17 0.278177432179 20 0.134433026709 26 0.238734329759 27 0.238680670348 29 0.252854633587 31 0.303875607510 32 0.041606041036 33 0.301150303486 34 0.219815022607 35 0.179652962862 36 0.257463651361 37 0.282045210452 41 0.192164599263 -1 0
9 14 0.202616119023 15 0.128741609535 16 0.133652429735 17 0.234897229660 23 0.230746569270 26 0.111033571063 32 0.287273953187 33 0.270664456384 35 0.178480798003 36 0.158608717966 37 0.162526257081 38 0.291388215395 -1 0
10 19 0.248966682695 22 0.259645505382 24 0.238167972165 28 0.125446987048 30 0.334591344088 33 0.327449372941 39 0.149583919051 -1 0
11 20 0.299142939135 29 0.191161999449 31 0.297451402114 32 0.324395475999 -1 0
12 20 0.273889671777 22 0.252347675430 24 0.287562462432 27 0.151445002833 31 0.286561050359 34 0.170507669409 41 0.268078467348 -1 0
13 18 0.077283517611 23 0.201525237470 37 0.289806283214 38 0.167413553568 -1 0
14 15 0.113231614896 16 0.246953411175 19 0.340741512766 21 0.168945231415 25 0.270149521681 26 0.306710737608 30 0.298438976730 36 0.313988229643 37 0.327835109709 40 0.297824377439 -1 0
15 16 0.230611162307 21 0.240352384670 23 0.232231060555 25 0.250131753712 26 0.211794438771 35 0.281147583520 36 0.278336411651 37 0.218619048839 38 0.250300556175 -1 0
16 17 0.122856904068 19 0.223901202881 26 0.204511325624 28 0.312117659497 30 0.281969722862 32 0.285964875421 33 0.151632612162 35 0.249494771743 36 0.074873716208 37 0.278843817127 41 0.281658229085 -1 0
17 19 0.235478652114 20 0.330960938741 22 0.305191839657 24 0.235852085640 26 0.260561566432 27 0.322378892913 28 0.274173751912 30 0.333745473312 32 0.238927817614 33 0.038103583791 34 0.316141569103 35 0.276034332088 36 0.078431944226 41 0.171743503811 -1 0
18 23 0.146449983165 25 0.330218629515 26 0.325292063556 35 0.337892889761 37 0.244642494676 38 0.091848143682 -1 0
19 24 0.313169679844 28 0.123768219814 30 0.120491901785 33 0.221550383786 36 0.266876816862 39 0.293089466659 -1 0
20 27 0.128293346389 29 0.176257662474 31 0.186148579827 32 0.158694819545 33 0.339973629603 34 0.109507417587 35 0.313198175000 36 0.340433907997 41 0.178388810703 -1 0
21 25 0.200261684643 40 0.132618228567 -1 0
22 24 0.072353254665 27 0.287169643103 28 0.295003038328 33 0.270680684978 34 0.299812577414 41 0.257669530809 -1 0
23 25 0.328140240724 26 0.179572855688 35 0.201441096374 37 0.100827592942 38 0.093104144028 -1 0
24 27 0.284191906010 28 0.243854681365 33 0.200235698434 34 0.292836559210 36 0.313655496880 41 0.216903025297 -1 0
25 38 0.264478455883 40 0.194696716232 -1 0
26 32 0.209706471090 33 0.298602868508 35 0.070147445629 36 0.185542923037 37 0.081727123447 38 0.264537542894 41 0.325339026452 -1 0
27 29 0.266409145722 31 0.220651207754 32 0.245584197681 33 0.316589959564 34 0.019359274591 41 0.151197619983 -1 0
28 30 0.220279855006 33 0.245009268047 36 0.331688514165 39 0.201376174545 -1 0
29 31 0.106793913748 32 0.292345269110 34 0.253691983129 -1 0
30 33 0.328254265713 39 0.327464405769 -1 0
31 32 0.337118058008 34 0.214900696428 -1 0
32 33 0.263658124727 34 0.227771403613 35 0.157841616436 36 0.215878185424 37 0.261992537690 41 0.171985995881 -1 0
33 34 0.312580063119 35 0.312464837360 36 0.116086498328 41 0.170047321365 -1 0
34 41 0.144398851761 -1 0
35 36 0.210798999952 37 0.104165105018 38 0.293680318182 41 0.300790135183 -1 0
36 37 0.266780819183 41 0.211447261337 -1 0
37 38 0.190899775023 -1 0
38 -1 0
39 -1 0
40 -1 0
41 -1 0
