0.000000
1.000000
42
7
0.341200
0.000000
0.725022481289 0.265678086784
0.965250975452 0.970820730552
0.187347747386 0.748772858176
0.409619280137 0.700049778447
0.956450397149 0.304003205616
0.218192652334 0.475860476494
0.776427918579 0.245547339320
0 0 0.275000558243  1 0.144175189791  10 0.272331356752  15 0.252518600782  16 0.268029955419  17 0.297624089877  21 0.231612837523  27 0.308355781770  29 0.184145427971  30 0.148556826257  31 0.326597635415  32 0.215098337928  -1 0
1 7 0.229257730326  20 0.313915109118  23 0.272051474795  28 0.314511189467  35 0.134150357433  -1 0
2 2 0.336304657787  3 0.188506166150  4 0.061494464089  6 0.320163599909  8 0.290345096935  11 0.199575770714  12 0.289263313650  14 0.336881701635  18 0.222005809279  22 0.213708494313  33 0.215380614280  36 0.034384726852  37 0.194348504123  39 0.203481881015  41 0.137436737659  -1 0
3 2 0.110218261972  3 0.107523123092  4 0.179780044483  5 0.138272597815  6 0.146718104471  8 0.234071219472  14 0.252658631752  17 0.239366856791  20 0.304225050792  22 0.034423540549  27 0.251626521616  36 0.194917016117  39 0.151951669517  41 0.223238049319  -1 0
4 0 0.281604482248  1 0.135002182183  16 0.044601697902  21 0.180872873822  25 0.315168334453  29 0.297033949294  31 0.333374506114  -1 0
5 4 0.296622126521  6 0.240125923556  8 0.095265697416  9 0.216320665723  10 0.286922121999  13 0.244190978087  15 0.299606043641  17 0.327369928690  19 0.210278362774  22 0.260373885845  27 0.268050774385  32 0.335774790092  33 0.151806160327  34 0.086746477472  36 0.275686054042  37 0.212798172744  39 0.142876320665  40 0.194249375556  41 0.137230477745  -1 0
6 0 0.232449714077  1 0.088978431597  10 0.326794788572  15 0.307490269214  16 0.226759702154  21 0.178815102004  29 0.217304505042  30 0.184218073420  32 0.270120500775  -1 0
0 1 0.177152666482 16 0.324162275924 21 0.101286440198 30 0.305105430745 -1 0
1 16 0.179005952183 21 0.098149201958 29 0.286665324776 30 0.255637257085 -1 0
2 3 0.181836793967 4 0.284811801873 5 0.069789679437 6 0.159834486228 7 0.293977102988 8 0.295747016415 14 0.256918915264 17 0.197403927797 20 0.211111073132 22 0.134613527087 27 0.240348331021 29 0.306549310602 31 0.283635989822 36 0.302937474391 39 0.238559408876 41 0.326957605628 -1 0
3 4 0.127489086260 5 0.233463152468 6 0.253527285386 8 0.317611260158 14 0.173565681279 20 0.317266750162 22 0.127198752421 36 0.154897484429 39 0.221803222977 41 0.249231561124 -1 0
4 5 0.317359153938 6 0.292465563697 8 0.292447599116 11 0.237979951252 12 0.310263648563 14 0.277844372145 18 0.250392583746 22 0.173025665266 33 0.264560717699 36 0.030293600740 37 0.251614811877 39 0.196390313522 41 0.163938777807 -1 0
5 6 0.110361176122 7 0.332215327354 8 0.257912618271 10 0.318780475530 14 0.326322621138 15 0.299117282968 17 0.127615899458 20 0.254876751339 22 0.147692965222 27 0.173878946560 29 0.247334568491 31 0.256169974495 32 0.303568307664 36 0.330168668309 39 0.223015880852 41 0.324266202462 -1 0
6 8 0.148962856235 10 0.239862621453 15 0.227206275907 17 0.114585243236 19 0.309124421471 22 0.129334740622 27 0.105784125285 29 0.275250785182 31 0.338254756476 32 0.243598412332 34 0.263832974903 36 0.295202197711 39 0.137694971295 41 0.245947033471 -1 0
7 14 0.313903624933 20 0.084752770261 23 0.284293719189 25 0.328029601353 28 0.307379193626 31 0.278133973916 35 0.097395530245 -1 0
8 9 0.277174447937 10 0.222626404599 13 0.287875494900 15 0.228299539201 17 0.232189679080 19 0.204286796977 22 0.201143103729 27 0.175024418687 32 0.261421540157 33 0.233741681662 34 0.120669392986 36 0.279863297874 37 0.287771472592 39 0.099027689850 40 0.245083741738 41 0.165862099056 -1 0
9 10 0.329570693333 13 0.058436423030 19 0.171317360394 24 0.156705453682 33 0.281690877439 34 0.156855960113 37 0.340152832607 40 0.040699744921 -1 0
10 13 0.297819375990 15 0.028515470283 17 0.203728724367 19 0.159783049776 26 0.313185993260 27 0.145006948409 29 0.271603911407 30 0.203007150692 32 0.061102505428 34 0.230980883471 38 0.273992371552 39 0.306312124123 40 0.289184095072 -1 0
11 12 0.116247154888 18 0.047427883645 33 0.316907679705 36 0.226633618514 37 0.259555773467 41 0.310671912379 -1 0
12 18 0.072817044207 36 0.308500899911 -1 0
13 15 0.325223757423 19 0.138598286301 24 0.112445746925 33 0.330805918690 34 0.169413391958 38 0.317273249921 40 0.051457427358 -1 0
14 20 0.254444090809 22 0.283309868292 36 0.308130582468 -1 0
15 17 0.180204872353 19 0.186824258443 26 0.330586129113 27 0.126921763614 29 0.243174539564 30 0.198168855435 32 0.037495952218 34 0.249797710588 38 0.292970977086 39 0.305780525311 40 0.314918779366 -1 0
16 21 0.222991684105 25 0.278219506065 28 0.316998457173 29 0.305536030456 31 0.318951148034 -1 0
17 19 0.327092770710 22 0.232486447005 27 0.072224084022 29 0.161483683817 30 0.329719413270 31 0.251331426909 32 0.178759923528 34 0.325088264094 39 0.249589277392 -1 0
18 36 0.244488191976 37 0.304627041842 -1 0
19 24 0.212405349231 26 0.311235986959 27 0.255461772600 30 0.320711183824 32 0.220673742011 34 0.125617308360 38 0.267234318026 39 0.303050949164 40 0.131775160353 -1 0
20 22 0.335829071212 23 0.335113841741 31 0.260974995396 35 0.181044522776 -1 0
21 30 0.310794125754 -1 0
22 27 0.235053896621 33 0.319841956410 34 0.318865032930 36 0.183167743287 39 0.117537875298 41 0.193128304749 -1 0
23 25 0.083269069632 28 0.043404867406 31 0.240759294403 35 0.271187143000 -1 0
24 26 0.305723139245 34 0.278534957015 38 0.275951103520 40 0.163652962857 -1 0
25 28 0.040054177916 29 0.329611284670 31 0.199773057668 35 0.335111090619 -1 0
26 30 0.237534560223 32 0.329231459069 38 0.044138959359 -1 0
27 29 0.211018776145 30 0.306202574470 31 0.321422775076 32 0.138663374459 34 0.256313125237 39 0.216641682977 41 0.319968572416 -1 0
28 31 0.218881521616 35 0.305060492756 -1 0
29 30 0.284515661297 31 0.163421837930 32 0.215898048968 -1 0
30 32 0.170841530514 38 0.223154593580 -1 0
31 35 0.341164728045 -1 0
32 34 0.287285376892 38 0.294665372639 39 0.333983727879 -1 0
33 34 0.222501429585 36 0.235198483995 37 0.064350677521 39 0.221497376474 40 0.280890484492 41 0.127349408893 -1 0
34 37 0.286538953891 39 0.206688544068 40 0.124592548914 41 0.223464402212 -1 0
35 -1 0
36 37 0.221323226803 39 0.187410061481 41 0.140210384920 -1 0
37 39 0.258121022582 41 0.152106816976 -1 0
38 -1 0
39 40 0.329125217770 41 0.108297622828 -1 0
40 41 0.326535732075 -1 0
41 -1 0
