0.000000
1.000000
90
10
0.227500
0.000000
0.284882473759 0.463592290413
0.171894793864 0.332256719004
0.071881341282 0.606570884120
0.547786986921 0.133656132966
0.859609629028 0.887758302968
0.216576735955 0.462195435073
0.561025294475 0.431472405326
0.025566738099 0.995798323303
0.416323288810 0.883138791658
0.213138569146 0.890729600564
0 0 0.181450413411  2 0.118287439446  19 0.195620246632  27 0.186831060188  28 0.013192058763  32 0.218694329747  50 0.118676408246  54 0.170350776725  60 0.158659149826  67 0.159115505637  73 0.149361732308  81 0.221760357212  84 0.210452683732  86 0.127042364480  -1 0
1 0 0.085964264340  2 0.158499027906  18 0.102324318983  26 0.098327155470  28 0.171043555808  32 0.196814460238  54 0.045640196726  81 0.105156199339  84 0.062657663718  86 0.187031872090  -1 0
2 0 0.213669618478  2 0.151642057256  7 0.211010266666  19 0.157178174512  22 0.124445891354  23 0.185548501409  27 0.213476078381  31 0.103784061702  32 0.106403089591  38 0.145250028203  60 0.158680807874  67 0.157549733754  86 0.131846822255  -1 0
3 4 0.112132015797  6 0.180523648969  10 0.084819462462  20 0.045772615875  21 0.148522948985  29 0.080131998017  33 0.093942751486  37 0.140317391125  40 0.167725771673  46 0.085186806864  58 0.184587829723  59 0.193739572339  62 0.133825655039  63 0.146609944357  64 0.061141511225  69 0.091350462189  75 0.078209650530  79 0.207986263689  80 0.110442660661  85 0.067198489577  89 0.216406987662  -1 0
4 5 0.026613998490  15 0.109878282447  34 0.035555611778  57 0.170337307227  70 0.115592542015  76 0.210462621232  -1 0
5 0 0.119677230778  2 0.054839306947  18 0.196170317965  19 0.187141209878  26 0.224928494277  27 0.198845432848  28 0.057289424649  31 0.219449470517  32 0.152126543811  50 0.169656515946  54 0.152478614380  60 0.151063405923  67 0.151031028128  73 0.217415227639  81 0.215267394206  84 0.157567266108  86 0.073239718948  -1 0
6 1 0.172668113924  4 0.191215858784  21 0.160370601260  48 0.061178604958  49 0.214906131985  66 0.197581349095  73 0.128784063836  79 0.132816486866  80 0.211290488179  82 0.061710505420  -1 0
7 13 0.164950617212  23 0.206549418769  88 0.191844650609  -1 0
8 12 0.182934393358  17 0.110271976062  24 0.090735632598  41 0.163586748912  42 0.070880406539  43 0.143998714575  53 0.010728529679  55 0.083061004488  56 0.088399914105  61 0.221326424416  65 0.180646810313  87 0.112104970228  88 0.216738717847  -1 0
9 7 0.115255663070  13 0.087296620698  17 0.156024433159  22 0.194364382240  23 0.186892463678  31 0.226956322893  53 0.205348966416  55 0.129302509153  61 0.098157507545  88 0.071139088468  -1 0
0 2 0.107687051391 18 0.079971042048 26 0.124893734319 28 0.173319173620 32 0.112803117311 54 0.129815941292 81 0.190993409678 84 0.052212208422 86 0.133557572569 -1 0
1 4 0.172658457475 14 0.176001189188 21 0.212292225202 29 0.214457635280 30 0.211815490635 33 0.223341585680 35 0.093101563550 39 0.213676574240 40 0.156446999941 48 0.216140712560 49 0.065247278944 51 0.082045143420 52 0.190960158626 58 0.192329546064 64 0.221656288651 66 0.050942373549 77 0.179275479024 78 0.072092822638 79 0.082330121062 82 0.151004769150 83 0.188978195301 -1 0
2 18 0.187454169938 19 0.167237352482 22 0.221770506199 27 0.194470645937 28 0.105644698167 31 0.182138593090 32 0.100923167548 50 0.198481762150 54 0.185726022499 60 0.136155684615 67 0.135714673055 84 0.156767986810 86 0.028559133970 -1 0
3 11 0.061379202529 14 0.180819876330 36 0.053831347353 45 0.115448003699 51 0.206094306768 71 0.207099736372 74 0.167361796257 77 0.201476138652 78 0.223652763306 -1 0
4 10 0.125851733253 20 0.145529758323 21 0.075603803833 29 0.097466469938 33 0.119606734152 37 0.175036549683 40 0.133158487171 46 0.192279357688 51 0.222024438322 58 0.172031815197 62 0.195124138828 63 0.158336956183 64 0.052531764311 66 0.223598544689 69 0.198021487403 75 0.182121334159 78 0.195584675901 79 0.098571246155 80 0.085182455400 82 0.225091749901 85 0.179046140258 -1 0
5 15 0.133146532009 34 0.040102392524 57 0.193686876394 68 0.218215243183 70 0.092933107666 76 0.197221555944 -1 0
6 10 0.109683088474 20 0.140943815372 29 0.136183101194 33 0.113541018299 37 0.059920691298 40 0.149639848949 46 0.142719263818 58 0.117157756185 59 0.013334126800 62 0.046890049762 64 0.211040284142 69 0.220736603092 74 0.182089606400 75 0.221254676809 85 0.170012598786 -1 0
7 13 0.198175542201 19 0.130119378075 22 0.086968566015 23 0.142681945576 27 0.151663488186 31 0.113617624071 38 0.188216596368 55 0.199708233954 60 0.167436361922 61 0.023732508850 67 0.167145489679 88 0.186052286467 -1 0
8 16 0.222681986337 34 0.217621590222 41 0.109149216817 42 0.203593739930 43 0.204441040618 56 0.210354959746 65 0.177093663087 68 0.226530160151 72 0.084906526966 76 0.118675190497 87 0.190991194987 -1 0
9 14 0.112122491008 16 0.129836420710 30 0.043075209307 35 0.160947408272 36 0.214814667040 39 0.046867081468 47 0.134927453808 49 0.189923954733 52 0.063001889696 66 0.202976232511 68 0.146908943948 71 0.088200961610 77 0.092940157477 83 0.064940389679 -1 0
10 20 0.066578357786 21 0.192275389884 29 0.028976179670 33 0.015130162572 37 0.058056716687 40 0.098455113114 46 0.104335964135 58 0.103366256679 59 0.122791757138 62 0.069277762601 63 0.225140950849 64 0.101777761494 69 0.158815706677 74 0.222628934067 75 0.151331152296 78 0.219351959332 79 0.195105655344 80 0.172094202859 85 0.112933014346 -1 0
11 36 0.109160383121 45 0.077137389246 51 0.222049753783 74 0.127006253297 -1 0
12 17 0.212521185747 24 0.108457609130 41 0.202208717759 42 0.185596226952 53 0.188812251386 56 0.116957320382 57 0.155867974368 65 0.093344083444 87 0.111820847780 -1 0
13 17 0.158723366626 23 0.227253820100 55 0.161880129306 61 0.183825451039 88 0.028293019705 -1 0
14 16 0.194562930569 30 0.088638147576 35 0.093588359848 36 0.127775777211 39 0.066030318169 45 0.224855480754 49 0.113096021272 51 0.126426967678 52 0.073463706758 66 0.130470761552 71 0.117029507739 77 0.022159219538 78 0.153848679406 83 0.070163630715 -1 0
15 34 0.136750463116 57 0.155228947375 70 0.195056470780 -1 0
16 30 0.114307631255 35 0.173253680332 39 0.144654508152 47 0.072735514496 49 0.198647673146 52 0.122210778541 66 0.201499733349 68 0.088036962003 71 0.217972849422 72 0.140970376224 76 0.128447853103 77 0.173007476493 82 0.218858951442 83 0.125273553680 -1 0
17 24 0.107409668524 42 0.180544365972 53 0.119580341508 55 0.054247402408 56 0.173053416881 61 0.221621001298 87 0.196817244385 88 0.133634201611 -1 0
18 26 0.061648357799 32 0.167896670735 54 0.143827670514 81 0.185254798827 84 0.043168588619 86 0.212576599325 -1 0
19 22 0.103111853801 23 0.220274161573 27 0.057663260128 28 0.186137941816 31 0.074353308423 32 0.214217102241 50 0.161275522826 60 0.037317829858 61 0.143628380707 67 0.037046192782 86 0.140128086583 -1 0
20 21 0.191983204998 29 0.078479076843 33 0.080595183081 37 0.110843805942 40 0.163630088698 46 0.047455190153 58 0.169342389690 59 0.153794908213 62 0.094208194381 63 0.189472464191 64 0.100000718663 69 0.092813350984 75 0.087112887436 80 0.156058358156 85 0.046728205176 -1 0
21 29 0.166107344257 33 0.189126533532 40 0.208210131566 48 0.216438417804 63 0.111438983808 64 0.094034696261 69 0.213022397209 73 0.190179578751 75 0.195742931261 79 0.129964060946 80 0.051028179418 82 0.210648807742 85 0.211983209910 -1 0
22 23 0.117562863695 27 0.152882811455 31 0.040358694021 32 0.222000619183 38 0.131047436228 60 0.133120741379 61 0.110551150110 67 0.132304657787 86 0.193663908023 -1 0
23 31 0.154084918446 38 0.067372264303 61 0.159509922710 -1 0
24 41 0.196189228659 42 0.130159062112 43 0.222955424668 53 0.099944929869 55 0.125256118907 56 0.085546649063 65 0.149102302773 87 0.104260658038 -1 0
25 44 0.016194672494 63 0.174459426027 69 0.184290874282 75 0.185122511654 81 0.173910297588 89 0.043909913163 -1 0
26 32 0.226453009575 54 0.124581358110 81 0.144906719682 84 0.073057688524 -1 0
27 28 0.180561569833 31 0.130228998085 43 0.189633020160 50 0.119102283632 60 0.062948807056 61 0.156957502797 67 0.063820133328 86 0.171205359365 -1 0
28 32 0.206288670412 50 0.121245476710 54 0.171651264673 60 0.148956442313 67 0.149351849654 73 0.161503845804 81 0.225699465908 84 0.204810714878 86 0.113869450474 -1 0
29 33 0.023062596829 37 0.080184009726 40 0.088362709955 46 0.122603966223 58 0.105682845152 59 0.149006078523 62 0.097873177120 63 0.209059165388 64 0.079421851905 69 0.165130947053 75 0.154956847661 78 0.202835138810 79 0.167392009737 80 0.150435290827 85 0.124607043618 -1 0
30 35 0.119272581098 36 0.208248205012 39 0.030354942367 47 0.142703955760 49 0.148606030023 51 0.192771010840 52 0.021612372612 66 0.160898989812 68 0.157439413418 71 0.114634648145 77 0.066651748358 78 0.217376252044 83 0.024383145432 -1 0
31 32 0.190900901718 38 0.155248391611 60 0.098097626000 61 0.135526542824 67 0.097155994826 86 0.153858508343 -1 0
32 60 0.196507537563 67 0.195617075597 84 0.160104603067 86 0.103204130699 -1 0
33 37 0.057135942911 40 0.083555027845 46 0.119423722412 58 0.091272585143 59 0.126244467179 62 0.077260992679 64 0.101913199261 69 0.172059878433 74 0.212516374774 75 0.163817968011 78 0.204221882057 79 0.183177256156 80 0.172909669032 85 0.127210905972 -1 0
34 57 0.161877179665 68 0.218971371269 70 0.130435418169 72 0.203522090645 76 0.177976715038 -1 0
35 36 0.201463136092 39 0.120875530460 49 0.029555183215 51 0.089079447278 52 0.098122455133 66 0.042325006232 71 0.202461758511 77 0.090622053518 78 0.107412221685 79 0.173611252222 82 0.183693175340 83 0.096019125149 -1 0
36 39 0.179225800557 45 0.139037954038 49 0.206621300355 51 0.172813841714 52 0.198063811251 66 0.223224918222 71 0.160483713192 74 0.186337146192 77 0.148023388477 78 0.194619632692 83 0.195038405080 -1 0
37 40 0.095479762446 45 0.226641632301 46 0.132329530782 58 0.074294734753 59 0.071533864243 62 0.042450357370 64 0.158613078226 69 0.201840319860 74 0.176384824651 75 0.197773435333 78 0.216125777124 79 0.226318012308 85 0.151608750635 -1 0
38 61 0.208978238315 -1 0
39 47 0.169240740438 49 0.148636562518 51 0.182873313962 52 0.032387040839 66 0.163173569471 68 0.183204815574 71 0.091113858920 77 0.046117098273 78 0.209022530498 83 0.031813408915 -1 0
40 45 0.193731072442 46 0.202626599404 49 0.199492358451 51 0.148818896910 58 0.044163512200 59 0.158147992739 62 0.136330383316 64 0.148186178098 66 0.194890402404 74 0.156283541744 78 0.123269249172 79 0.144805481109 80 0.212294861551 85 0.210357608887 -1 0
41 42 0.094543269467 43 0.120962963511 53 0.157007586139 56 0.111051713220 65 0.122736349983 72 0.193659998796 76 0.227403454681 87 0.098225148445 -1 0
42 43 0.096027693911 53 0.063148705415 55 0.151895474203 56 0.068691159590 65 0.147108639085 87 0.080774069939 -1 0
43 50 0.204994424823 53 0.133312692756 55 0.203654015915 56 0.162948201469 65 0.225396501594 87 0.169321785835 -1 0
44 63 0.183652168092 69 0.179521237390 75 0.181830671135 81 0.189894107963 89 0.035946913813 -1 0
45 51 0.176517406606 58 0.167731155356 74 0.052199750854 78 0.179894956014 -1 0
46 58 0.200743873834 59 0.153779383010 62 0.101250534169 63 0.213290372552 64 0.144680092502 69 0.078900872510 75 0.082622246835 80 0.193048839301 85 0.031348412167 89 0.221409513791 -1 0
47 52 0.159166736500 68 0.016511041083 70 0.221212491515 71 0.216349052687 72 0.144737576023 76 0.112804250307 77 0.209183471706 83 0.162562180070 -1 0
48 50 0.204677462415 73 0.123182922454 79 0.190353888235 82 0.069641054903 -1 0
49 51 0.067953241420 52 0.127318301399 58 0.227108077230 66 0.017705827188 71 0.226696134917 77 0.114448344496 78 0.081632918377 79 0.147099731549 82 0.176422408083 83 0.125098131697 -1 0
50 60 0.137140214782 67 0.138209392406 73 0.132482003345 86 0.189737205278 -1 0
51 52 0.171416775745 58 0.168333212458 66 0.075130815560 74 0.180193150547 77 0.138918367737 78 0.027590424817 79 0.152299338733 83 0.168438589469 -1 0
52 66 0.140017791100 68 0.174489736647 71 0.123418128395 77 0.051412860177 78 0.195850160339 83 0.003395444452 -1 0
53 55 0.088978766557 56 0.089124238284 61 0.218447725512 65 0.181353823956 87 0.111992795001 88 0.222064988549 -1 0
54 81 0.066161644673 84 0.107104615941 86 0.213448295624 -1 0
55 56 0.165291381043 61 0.175992098346 87 0.189855992505 88 0.133751663084 -1 0
56 57 0.222333468001 65 0.092320834025 87 0.024583670909 -1 0
57 65 0.132214798202 87 0.201478393580 -1 0
58 59 0.123332844417 62 0.116503616947 64 0.178186099174 66 0.225250658954 74 0.123582564086 78 0.146417507305 79 0.188577619106 85 0.214739864077 -1 0
59 62 0.059982466612 64 0.224261600765 74 0.178542188612 85 0.181709819607 -1 0
60 61 0.180675632405 67 0.001136547515 86 0.110822072111 -1 0
61 67 0.180510655613 88 0.169277927448 -1 0
62 64 0.167769330478 69 0.177143082728 74 0.209407045249 75 0.176318870656 85 0.126042088856 -1 0
63 64 0.133270212242 69 0.157443755904 75 0.142618675811 80 0.073498449542 81 0.192916050505 85 0.183210101394 89 0.165906036892 -1 0
64 69 0.145524487580 75 0.129754499413 79 0.150746788139 80 0.071022213399 85 0.128318862401 -1 0
65 87 0.069852521144 -1 0
66 77 0.130920402041 78 0.083148246076 79 0.131423610585 82 0.160643255725 83 0.138043593814 -1 0
67 86 0.110271971037 -1 0
68 70 0.204947944034 71 0.225713843858 72 0.143722494986 76 0.108530898974 77 0.224058437795 83 0.177882822923 -1 0
69 75 0.017284302121 80 0.163898346715 85 0.051117658243 89 0.143686158119 -1 0
70 -1 0
71 77 0.112288850010 83 0.122922038210 -1 0
72 76 0.042061182657 -1 0
73 82 0.180444121597 -1 0
74 78 0.175483216050 -1 0
75 80 0.146639408120 85 0.051996593118 89 0.146494061458 -1 0
76 -1 0
77 78 0.165731416121 83 0.048146720165 -1 0
78 79 0.131452813301 82 0.222884928265 83 0.192993113128 -1 0
79 80 0.167961325706 82 0.143502378119 -1 0
80 85 0.168395816238 89 0.223597489643 -1 0
81 84 0.157735829025 89 0.208976331380 -1 0
82 -1 0
83 -1 0
84 86 0.183828211328 -1 0
85 89 0.194800139313 -1 0
86 -1 0
87 -1 0
88 -1 0
89 -1 0
