0.874223731924 0.034670957364
0.858477204572 0.211122407112
0.519821249880 0.698154748883
0.368884115946 0.799557910766
0.244564335328 0.771307968069
0.528160641901 0.628865111154
0.444040871691 0.557426651940
0.761912849266 0.864930630196
0.312812421471 0.486935330555
0.130608716980 0.278063396923
0.457756061573 0.317956464365
0.026836255100 0.867375341710
0.018006243277 0.983286652248
0.171378547326 0.236198895611
0.459147128742 0.947806466371
0.481746234931 0.333370861132
0.982477423735 0.340223439503
0.544493268244 0.502298673615
0.038378188852 0.913377384190
0.301856584381 0.282942524180
0.684685352258 0.830017226283
0.911807635333 0.128726223949
0.387443878688 0.673720484599
0.993656854145 0.700256300159
0.160655815620 0.124265571591
0.978319697082 0.618411877193
0.442222035956 0.005155952182
0.485787218902 0.460228279233
0.988442604430 0.657165766228
0.696427174844 0.447589733172
0.604972232599 0.178173410241
0.780960594304 0.587449656334
0.518396849744 0.325453862548
0.089748329949 0.556775038596
0.238831247203 0.391604914330
0.839717563242 0.923516599461
0.221622141078 0.751525198575
0.052242823876 0.609066019766
0.425245683640 0.045899678022
0.309322319925 0.585901499260
0.170165249612 0.287642017007
0.204313376453 0.612387286033
