0.000000
1.000000
90
10
0.227500
0.000000
0.379259028006 0.443340563215
0.867628855631 0.146738587879
0.523792533204 0.322631202638
0.377943500411 0.951349241193
0.079786099494 0.352181385737
0.468592260499 0.083638107404
0.537971475162 0.944882196374
0.451823870651 0.877870030701
0.858425563667 0.793569957372
0.138260165695 0.725963049103
0 11 0.221281799187  18 0.186786331853  20 0.227273640271  21 0.174040854098  32 0.223507005534  33 0.080453542665  47 0.149661469676  51 0.177826267804  60 0.119335252203  63 0.221576737076  70 0.092000847373  71 0.158585467366  74 0.204108852469  85 0.143719802721  -1 0
1 2 0.068975740136  9 0.186380741382  15 0.116556187952  44 0.187168733493  52 0.067017943227  58 0.063569109394  76 0.214420622737  81 0.138334763713  -1 0
2 13 0.185707633092  16 0.144914435588  18 0.187885540987  19 0.108511937882  24 0.115275278774  36 0.126406693665  41 0.160897773335  47 0.157921426915  51 0.048355130536  60 0.099404138252  64 0.116109647858  68 0.133498436267  72 0.127688015448  77 0.214476030974  -1 0
3 1 0.058603454860  6 0.024189839838  7 0.040095528892  8 0.218994281553  12 0.128892049241  22 0.173626095178  23 0.221079279621  27 0.050773986300  28 0.015700412153  40 0.110227409910  42 0.135901371578  43 0.220750237502  53 0.044522997125  75 0.139592753969  86 0.200110051425  -1 0
4 3 0.115694605082  5 0.106908654976  10 0.047199269317  17 0.149523275276  32 0.204050616188  49 0.204693537709  54 0.208862844566  63 0.142273960031  73 0.195697482833  85 0.186679367291  -1 0
5 13 0.088924304195  16 0.100663269450  18 0.213780474430  19 0.143459567551  31 0.152458665716  36 0.123080900053  37 0.134716741576  41 0.120501956263  46 0.209768824756  64 0.160735818045  68 0.116124642351  -1 0
6 0 0.150811883915  1 0.218708766611  6 0.148122918459  7 0.147837122105  22 0.092194629362  23 0.171830912540  27 0.135611310770  28 0.144505650186  30 0.100647837566  35 0.204838880602  40 0.057714298794  42 0.141961415836  48 0.212324912916  53 0.135941020860  -1 0
7 0 0.164840265190  1 0.151226284070  6 0.080914089846  7 0.068924694929  8 0.225313098346  11 0.219270084126  12 0.172927982478  22 0.073888986518  23 0.118789846617  27 0.120058698025  28 0.092391351337  30 0.208958734297  40 0.055844064943  42 0.043058260311  53 0.115157364730  59 0.174231706860  75 0.224754018887  86 0.167076701776  89 0.189702610000  -1 0
8 4 0.153877178161  34 0.148846222848  39 0.125485231406  48 0.169456653994  50 0.056714326445  55 0.208732288375  57 0.210027481505  67 0.119356872020  69 0.034775040939  78 0.167391346508  82 0.137028315303  84 0.085173517234  87 0.167894479094  -1 0
9 8 0.123661816909  12 0.200464161840  20 0.151177881839  25 0.037757654605  32 0.196409825209  43 0.125306322337  61 0.022799156012  73 0.192463097587  80 0.121897928646  86 0.202272351234  -1 0
0 14 0.143947886218 22 0.091772458593 23 0.095466982936 30 0.185537795485 34 0.225236651922 40 0.163925133263 42 0.155333216015 48 0.187624311820 55 0.099179800924 59 0.195073842366 62 0.175464603727 67 0.196064013682 89 0.163384292830 -1 0
1 6 0.073971455085 7 0.082486507160 8 0.191279051384 12 0.091523883954 22 0.224347730664 27 0.099216480490 28 0.074209167106 40 0.167458215195 42 0.173204842335 43 0.172020049044 53 0.094662956644 75 0.080997213008 86 0.196539664432 -1 0
2 9 0.181112636071 15 0.117370891714 44 0.151335889792 52 0.135833241345 58 0.130478953555 76 0.225157041057 81 0.202265173901 -1 0
3 5 0.018353797877 10 0.121082240196 17 0.174446971455 29 0.203601495305 38 0.134415802622 54 0.199288444114 56 0.186331225251 63 0.175627783596 88 0.215510052998 -1 0
4 34 0.077711353634 35 0.141540916294 48 0.120581663885 50 0.210421418854 67 0.106161320039 69 0.186725163705 78 0.139237011679 84 0.157027903472 87 0.045359790430 -1 0
5 10 0.106460319128 17 0.156094141191 29 0.201673488292 38 0.139749746026 54 0.182248998825 56 0.181717149440 63 0.157312313212 88 0.210149662728 -1 0
6 7 0.016606686459 8 0.210334845985 12 0.127535593709 22 0.151963947059 23 0.197027821279 27 0.062986502846 28 0.019106259204 40 0.094275719663 42 0.111711839140 43 0.222725482975 53 0.056354394825 75 0.153159005259 86 0.183083913597 -1 0
7 8 0.200162370529 12 0.123006320608 22 0.141871413443 23 0.182553893357 27 0.078044344454 28 0.035237414016 40 0.091603004269 42 0.096432886930 43 0.219340141456 53 0.071484095801 59 0.214183427712 75 0.158621046231 86 0.168348382788 -1 0
8 11 0.196910805358 12 0.100668529391 20 0.186137816207 25 0.146822917170 28 0.226821420747 42 0.204951541540 43 0.097149382776 59 0.194300529608 61 0.143081429430 75 0.177641257811 80 0.220393102711 86 0.086595452735 -1 0
9 15 0.069918867438 44 0.083259452231 45 0.084681857944 52 0.208235631046 65 0.084280891045 66 0.097499631931 76 0.059291903910 83 0.188191298255 -1 0
10 17 0.102477797705 32 0.205111153977 46 0.217422909910 54 0.163998767020 63 0.095074944629 73 0.201791867671 85 0.144396499283 -1 0
11 20 0.221627626936 21 0.077955675027 22 0.219466485063 23 0.147950725824 33 0.141194949002 42 0.176360885946 47 0.210392760254 59 0.046972054177 62 0.134281744626 70 0.132233671155 71 0.125940334507 74 0.129486363993 86 0.122177615096 89 0.075971356632 -1 0
12 25 0.208685685607 27 0.179054560489 28 0.140162024061 40 0.212487629992 42 0.172286026277 43 0.096598045555 53 0.173108529248 59 0.226896437595 61 0.213386103534 75 0.089529306819 86 0.127942030645 -1 0
13 16 0.070357853456 19 0.077453064842 31 0.221801189418 36 0.062514023904 37 0.113003477516 41 0.128563038919 60 0.226508282266 64 0.079620160295 68 0.056458197346 -1 0
14 21 0.216827605967 22 0.225550570872 23 0.179536498952 26 0.160325488110 39 0.152798461332 50 0.197217647914 55 0.050741080477 62 0.118802781083 69 0.222948232510 71 0.210582841961 74 0.165230287093 77 0.207908278558 79 0.160262163754 89 0.176119211489 -1 0
15 44 0.094158491359 45 0.152223401532 52 0.145051753693 58 0.162783162972 65 0.151996815260 66 0.146169494553 76 0.107786181902 -1 0
16 18 0.158306124458 19 0.052855137156 31 0.180787030523 36 0.035239868161 37 0.180778421726 41 0.062131006109 46 0.182480666636 51 0.193147360178 60 0.161951940552 64 0.083682377511 68 0.031912218160 -1 0
17 18 0.135555649117 31 0.202939993493 46 0.115672199718 54 0.070123266256 56 0.212618183834 60 0.216048584125 63 0.012460500032 85 0.085850931067 88 0.226494435839 -1 0
18 19 0.186713104168 31 0.149446231978 36 0.182388098208 41 0.100462357116 46 0.059377727300 51 0.221921358614 54 0.109414978453 60 0.107368680770 63 0.140865412604 64 0.221297266436 68 0.183730122785 85 0.124395121396 -1 0
19 24 0.189768494485 36 0.020462850160 37 0.187155663420 41 0.104945657298 46 0.221984378567 51 0.154348942111 60 0.157366638425 64 0.035325270248 68 0.027334927507 72 0.216510577519 -1 0
20 25 0.185890139380 32 0.066435811316 33 0.204569028373 49 0.210586145154 61 0.166648448847 70 0.214649249030 73 0.078869548752 80 0.103799155928 86 0.210486742193 -1 0
21 23 0.185072881417 33 0.097818581682 47 0.132692568326 59 0.110163588151 62 0.098507378664 70 0.083483987734 71 0.047991183872 74 0.063222949375 86 0.199915859006 89 0.097732922442 -1 0
22 23 0.079681393908 27 0.176180992059 28 0.159865366561 30 0.173197543574 40 0.078461413162 42 0.076115105485 53 0.172994758453 55 0.187059109004 59 0.172698440238 62 0.215640958026 86 0.208366580999 89 0.166511585660 -1 0
23 28 0.210540982125 40 0.150467082965 42 0.087119704880 55 0.155955550780 59 0.103586958296 62 0.140099126368 71 0.218215760307 74 0.187582788767 86 0.174158324851 89 0.087350832623 -1 0
24 26 0.171048916500 36 0.210224404827 44 0.171027866263 47 0.144700227355 51 0.085504610229 60 0.205221392762 64 0.174992020170 65 0.217666846354 68 0.216954172958 71 0.226785498942 72 0.037478477640 77 0.107711104828 -1 0
25 32 0.225858072579 43 0.121339503410 61 0.019470520197 73 0.219286260554 80 0.140007799667 -1 0
26 39 0.183017833763 44 0.222874759402 45 0.217794455930 47 0.192339066915 55 0.209631435588 57 0.223703856152 62 0.198837270399 65 0.170297398604 71 0.225079878360 72 0.148393100914 74 0.198273245764 77 0.063338782812 79 0.066332156737 -1 0
27 28 0.044230930650 30 0.216850541465 40 0.100238563203 42 0.160076748191 53 0.006641257366 75 0.176991230919 -1 0
28 40 0.094717370610 42 0.126923908218 53 0.037591143111 75 0.155162350602 86 0.202043285930 -1 0
29 31 0.199128174377 38 0.093261715453 54 0.203249443154 56 0.034237255570 88 0.040923904627 -1 0
30 34 0.177407943254 35 0.108695171792 40 0.158190180779 48 0.139972902662 53 0.219360655965 67 0.187698823921 -1 0
31 36 0.216026196254 41 0.134649159876 46 0.104468544629 54 0.133408368912 56 0.175151539878 63 0.214711157179 68 0.212178763387 88 0.158336748889 -1 0
32 33 0.224695553356 49 0.172787607197 61 0.206526987112 73 0.022352861517 80 0.103421685074 85 0.200917549442 -1 0
33 47 0.131809439162 51 0.208608822821 59 0.186693516292 60 0.190061837761 62 0.191758587914 70 0.015418658300 71 0.097055331947 74 0.141129011664 85 0.213196689297 89 0.191289323141 -1 0
34 35 0.091635943017 48 0.043298503505 50 0.198044857386 67 0.043516623171 69 0.183311122052 78 0.205540212508 84 0.190605242147 87 0.122769853657 -1 0
35 48 0.076983854407 67 0.122973993494 87 0.182771359590 -1 0
36 37 0.174877949847 41 0.093320128235 46 0.212894531613 51 0.173149150652 60 0.165414916612 64 0.048452633841 68 0.007155932904 -1 0
37 64 0.176692175362 68 0.169216433194 -1 0
38 54 0.225106760301 56 0.098104224926 88 0.125132751289 -1 0
39 50 0.070913917190 55 0.163383679540 57 0.136422312886 67 0.211587564746 69 0.100461689550 79 0.126532374234 82 0.190571234057 83 0.210982589781 84 0.184257715533 -1 0
40 42 0.095391958975 53 0.098042481158 59 0.224139065462 86 0.222614463937 -1 0
41 46 0.120383078977 51 0.207430936833 54 0.182946851207 60 0.137231011943 64 0.139761960971 68 0.092246038293 85 0.223923905298 -1 0
42 53 0.154668716346 59 0.131174606889 62 0.219463878701 86 0.135658004514 89 0.148651713558 -1 0
43 61 0.131129068962 75 0.118628435651 86 0.174915500876 -1 0
44 45 0.148911408532 65 0.113432403371 66 0.179000923344 72 0.196753209840 76 0.142205226099 77 0.188103152679 -1 0
45 57 0.184392251705 65 0.057365084150 66 0.062055712747 76 0.061930576329 77 0.225827876615 79 0.194749194836 83 0.103549776737 -1 0
46 54 0.062651994372 56 0.207104347223 60 0.166685780114 63 0.125300879632 68 0.212372250240 85 0.143605171365 88 0.205111384689 -1 0
47 51 0.113646245988 60 0.177764164801 62 0.161658318715 70 0.122225560953 71 0.085267303406 72 0.112565702676 74 0.107361985492 77 0.155399747202 89 0.214160122509 -1 0
48 50 0.211258505613 55 0.214216402601 67 0.050099803867 69 0.202067228767 84 0.224126791082 87 0.165829785248 -1 0
49 61 0.221220078085 73 0.150434766329 80 0.122588611513 -1 0
50 55 0.190082825834 57 0.161406455074 67 0.162490403426 69 0.029866927939 78 0.210795049926 79 0.196966483356 82 0.140073203924 84 0.116718140878 87 0.223933518034 -1 0
51 60 0.120602351938 64 0.156289094086 68 0.180295050948 70 0.205997281797 71 0.196914045160 72 0.086318874484 74 0.220510187091 77 0.172521241878 -1 0
52 58 0.029394106729 76 0.218440461288 81 0.089364646576 -1 0
53 75 0.173276441929 -1 0
54 56 0.169076702727 60 0.212115461490 63 0.082282828262 85 0.133429337336 88 0.175450874083 -1 0
55 59 0.225694185716 62 0.141522096397 67 0.198009927797 69 0.211390570955 74 0.196010901280 79 0.201992327588 89 0.177484046315 -1 0
56 63 0.223488518986 88 0.030022238517 -1 0
57 65 0.199311019014 66 0.215385633710 69 0.175253256434 79 0.159377777198 82 0.171606272071 83 0.089527744886 84 0.215813993289 -1 0
58 81 0.075549283559 -1 0
59 62 0.130455767127 70 0.176696906909 71 0.155597988665 74 0.145734249453 86 0.109795700874 89 0.052455919810 -1 0
60 63 0.216168250248 64 0.182944368889 68 0.170571032012 70 0.196594132900 72 0.205332942205 85 0.159897817447 -1 0
61 73 0.200286947269 80 0.122674615092 86 0.223696673207 -1 0
62 70 0.176481660731 71 0.102105376948 74 0.058440384244 77 0.213885140211 89 0.080969395446 -1 0
63 85 0.078252217957 -1 0
64 68 0.052516726952 72 0.205750261357 -1 0
65 66 0.115748093873 72 0.225858757723 76 0.100193988697 77 0.170520733393 79 0.161167022447 83 0.136309736643 -1 0
66 76 0.039632789483 83 0.126080366714 -1 0
67 69 0.152105850870 78 0.213294568372 84 0.177629880353 87 0.147427201213 -1 0
68 -1 0
69 78 0.180999045989 79 0.225908864821 82 0.120407600063 84 0.087791895996 87 0.196903786856 -1 0
70 71 0.081843773607 74 0.125729889811 89 0.178379831925 -1 0
71 72 0.191892794960 74 0.045692313047 77 0.209780393585 89 0.133311311321 -1 0
72 74 0.197211261995 77 0.086885370265 79 0.212159736132 -1 0
73 80 0.088870182274 85 0.212977791705 -1 0
74 77 0.195289098429 89 0.109807226723 -1 0
75 86 0.217469240088 -1 0
76 83 0.152762733615 -1 0
77 79 0.125341640311 -1 0
78 82 0.138101619394 84 0.097109123219 87 0.102861130946 -1 0
79 83 0.178897429667 -1 0
80 -1 0
81 -1 0
82 84 0.073399572262 87 0.214008963323 -1 0
83 -1 0
84 87 0.146484122936 -1 0
85 -1 0
86 89 0.161310295848 -1 0
87 -1 0
88 -1 0
89 -1 0
