0.000000
1.000000
42
7
0.341200
0.000000
0.038696762640 0.973968751729
0.000077426434 0.263791651931
0.083923348226 0.375371669419
0.628184921574 0.454025536776
0.171191684436 0.823202577885
0.951875089668 0.615950135514
0.468136359937 0.626563432626
0 2 0.037416272800  7 0.211999240610  21 0.080688127229  -1 0
1 4 0.285841350121  15 0.167618503025  20 0.231885311242  22 0.083713980692  32 0.291180027241  34 0.313926882720  35 0.266191781857  36 0.295801535049  -1 0
2 4 0.213296433045  8 0.280543210698  15 0.291297180989  20 0.246832078140  22 0.056437182820  28 0.278820206497  32 0.184663748997  34 0.315979825028  35 0.128487191921  36 0.256267476467  37 0.326001877426  -1 0
3 0 0.072193356409  1 0.214534374466  3 0.223777103690  8 0.330317771857  9 0.277442378658  11 0.297905531263  14 0.118297223753  23 0.206151774989  24 0.255879095272  25 0.317208538378  26 0.050624306257  28 0.299942552300  30 0.160107621949  37 0.248534686111  38 0.230632288627  39 0.296301830400  40 0.314805369537  41 0.338074212027  -1 0
4 2 0.203538831586  7 0.111741579815  12 0.261068655630  17 0.261789907927  21 0.120058270080  29 0.306679300686  35 0.331881466451  41 0.260023016788  -1 0
5 1 0.339804770362  9 0.276580852805  13 0.245465558942  16 0.200352872058  18 0.333491805732  23 0.256605486299  26 0.313466452793  30 0.216762692311  31 0.031905905532  40 0.143832100745  -1 0
6 0 0.259384693386  3 0.029214114607  12 0.271592259718  14 0.168912820348  17 0.304318929097  24 0.167748890295  26 0.265569386142  28 0.322114729653  29 0.241696738239  32 0.319971927809  37 0.293837920384  41 0.134435304676  -1 0
0 1 0.221207455136 3 0.255533012195 4 0.316993914120 8 0.264962928184 9 0.302299784384 11 0.262506680928 14 0.101440268391 19 0.321543540293 23 0.239123891395 24 0.315276354598 25 0.283891006946 26 0.114465112342 28 0.238976848705 30 0.216223044476 32 0.317934238807 33 0.335852647521 36 0.336696010335 37 0.186812963957 38 0.164215488984 39 0.263171637809 41 0.337810835512 -1 0
1 9 0.097432163761 11 0.160043332373 13 0.210731407602 14 0.318154128825 19 0.334463192609 23 0.083616606744 25 0.166756566030 26 0.186908564083 30 0.159571022929 33 0.338400826370 38 0.244367882406 39 0.152031843998 40 0.216852967466 -1 0
2 7 0.194625276786 21 0.087584332018 -1 0
3 6 0.324970907965 10 0.336979246378 12 0.269835443432 14 0.172320256709 17 0.302860455798 24 0.139495763205 26 0.249545390962 28 0.340197722691 29 0.234448768380 30 0.331478335144 37 0.308657416101 41 0.162978179023 -1 0
4 8 0.067305220100 14 0.278982635314 20 0.157035533317 22 0.240748596791 27 0.205131309593 28 0.078017271176 32 0.077592654152 34 0.168918298773 35 0.243620903766 36 0.072801440636 37 0.130182241914 38 0.286946188463 41 0.323946753010 -1 0
5 11 0.195375061115 19 0.070189730163 25 0.196355410627 27 0.284923215132 33 0.051838485212 34 0.336748787073 38 0.218172367658 39 0.204612462406 -1 0
6 10 0.183635424504 12 0.283814602306 16 0.176904017211 17 0.296990738245 18 0.089079340666 24 0.196307519974 29 0.231898235677 -1 0
7 10 0.307978467170 12 0.182155017600 17 0.171798666507 21 0.147709162247 29 0.237389375169 41 0.304651051359 -1 0
8 14 0.245031391040 19 0.295258357839 20 0.181932859519 22 0.307292536912 27 0.180343573246 28 0.045404546223 32 0.124961123554 33 0.313303531776 34 0.161063160557 35 0.301493897391 36 0.074510649759 37 0.084541354636 38 0.219886849479 41 0.340949546766 -1 0
9 11 0.238831884980 13 0.113542418412 23 0.074611232627 25 0.238572047100 26 0.236889725858 30 0.160704784663 31 0.308141678945 39 0.229394866714 40 0.137541430050 -1 0
10 12 0.141932463090 17 0.138127701434 18 0.255098132453 24 0.268291251299 29 0.121601561735 -1 0
11 13 0.338987882885 19 0.189246757968 23 0.243602483921 25 0.022562724490 26 0.295508935836 30 0.310376395313 33 0.188692436504 38 0.171886655625 39 0.009988503236 -1 0
12 17 0.033048794503 21 0.329710649172 24 0.266136980373 29 0.058323150249 41 0.287900255583 -1 0
13 23 0.170800454984 25 0.334187620510 26 0.329326276567 30 0.231261045846 31 0.272751665086 39 0.329098168870 40 0.111259582829 -1 0
14 23 0.322541799897 24 0.267458170027 26 0.167656278100 28 0.206245035473 30 0.276911684621 32 0.256671033906 36 0.319344301251 37 0.160785838462 38 0.235899884510 41 0.236370572133 -1 0
15 20 0.218032610474 22 0.242209853635 27 0.328226752142 34 0.286059320312 36 0.321284363974 -1 0
16 18 0.133211741722 24 0.258435382943 30 0.325762007374 31 0.181879869899 40 0.331578840612 -1 0
17 21 0.318970984704 24 0.295758997751 29 0.084901281396 41 0.315209518968 -1 0
18 24 0.266441504756 29 0.319346145785 31 0.314753980907 -1 0
19 25 0.198150449110 27 0.232747001930 28 0.320866177053 33 0.018355334059 34 0.281402342184 36 0.307580161942 37 0.304905573283 38 0.158008020381 39 0.199229705204 -1 0
20 22 0.237169797600 27 0.135494321358 28 0.220010855793 32 0.222352472286 34 0.082177081766 35 0.339077282181 36 0.107657793504 37 0.266304862414 -1 0
21 -1 0
22 28 0.312884503692 32 0.227292216167 34 0.313870346273 35 0.182568915384 36 0.270183114731 -1 0
23 25 0.250166260676 26 0.163319166259 30 0.090932799435 31 0.288323148312 38 0.307428555610 39 0.235646934798 40 0.141811144821 -1 0
24 26 0.254015488402 29 0.211197320154 30 0.291049191678 41 0.293951100206 -1 0
25 26 0.312624922943 30 0.321343740312 33 0.195592502515 38 0.193444474718 39 0.020958850286 -1 0
26 30 0.109607064603 31 0.339203270635 37 0.297402406939 38 0.257967832066 39 0.292249183800 40 0.264715016738 -1 0
27 28 0.225461276889 32 0.282700222642 33 0.245291595525 34 0.054150734741 36 0.132722665712 37 0.251373630520 38 0.268522993163 -1 0
28 32 0.103674930360 33 0.339181607361 34 0.205943171995 35 0.280095062763 36 0.115214589159 37 0.052167824067 38 0.223857435389 41 0.297430634091 -1 0
29 41 0.284999183557 -1 0
30 31 0.245715844498 38 0.330330475905 39 0.303967833787 40 0.155620036899 -1 0
31 40 0.174270456093 -1 0
32 34 0.245575642478 35 0.177560494068 36 0.150338361562 37 0.144254546933 38 0.327077380070 41 0.252472679845 -1 0
33 34 0.295052090817 36 0.324324514189 37 0.323189034816 38 0.173194627137 39 0.198599205027 -1 0
34 36 0.097243389638 37 0.241362773794 38 0.295761064537 -1 0
35 36 0.309026685848 37 0.313590235519 41 0.236032284060 -1 0
36 37 0.159047269720 38 0.268811332038 -1 0
37 38 0.187476321554 41 0.290943894554 -1 0
38 39 0.178514973707 -1 0
39 -1 0
40 -1 0
41 -1 0
