0.585947874933 0.395477158483
0.792352631222 0.315917025320
0.067221173551 0.998183116317
0.496186923701 0.634726175107
0.283576280810 0.300311194733
0.601932418067 0.018364258111
0.705985852517 0.882900509983
0.240966565907 0.910481708124
0.347636083141 0.279663328547
0.884450460318 0.347713509575
0.543454980478 0.968373808544
0.723085178994 0.171639902052
0.422399345320 0.894276863430
0.994842479937 0.374274435453
0.510226998944 0.462978839874
0.000837868080 0.096174873877
0.858455998357 0.793190499768
0.412091899198 0.925677171908
0.791373616084 0.908278822899
0.560403347481 0.074949896894
0.208590017632 0.162335765548
0.093314155005 0.914575870614
0.045236275531 0.334280721378
0.825057578739 0.392872358672
0.613944049925 0.709508039057
0.740585868247 0.157399030868
0.677881848067 0.463671047706
0.329038932920 0.100281193387
0.357947911136 0.323881413322
0.474555628840 0.868174910545
0.786860253196 0.475393497385
0.964349784423 0.645316252019
0.268583997153 0.376441684086
0.570993423928 0.059957613237
0.284720506985 0.131396771409
0.134907510597 0.493310525082
0.293732537422 0.228221665602
0.407886395697 0.338968812954
0.562502386980 0.232943974435
0.731841172092 0.176446437370
0.942452013958 0.472427040339
0.333845468238 0.620333862025
