0.637460756581 0.272550342606
0.644949120000 0.054811532609
0.931222171044 0.579653944041
0.202593391229 0.928979218507
0.245451523034 0.753723000893
0.399086148350 0.631564706083
0.771058418324 0.328823926388
0.630679057735 0.692507906170
0.465523570249 0.695981394115
0.623615888268 0.413601122274
0.108521000721 0.198783091970
0.559860451714 0.965207454626
0.075678479128 0.709555986484
0.975413075017 0.664664201749
0.696918196974 0.224709451666
0.725096182433 0.334378954022
0.497259794275 0.370045302450
0.389190486647 0.428481965800
0.949699246569 0.591783880712
0.357461185193 0.195150769787
0.345506880639 0.756547334304
0.826715475876 0.116565299691
0.085371240702 0.457394532860
0.809073205977 0.550894831033
0.153375929931 0.432689094557
0.964495953176 0.261896928764
0.631472186201 0.524356404325
0.227104382244 0.707150665972
0.233912392522 0.202517455905
0.371814865892 0.930830588155
0.427226907570 0.096911050852
0.265209542600 0.924486702617
0.466956353147 0.654400030847
0.352968667443 0.416655599723
0.246183909444 0.710429851870
0.611806369721 0.591690792169
0.466977186503 0.438521846180
0.708256092231 0.552348447080
0.895916378985 0.517329298484
0.103243277322 0.049292298020
0.950018393805 0.067739231045
0.311189236077 0.581490580467
