0.000000
1.000000
90
10
0.227500
0.000000
0.278486115858 0.923972848337
0.363767539617 0.311768033542
0.348310863599 0.031459518243
0.356287363451 0.077708234079
0.215118902735 0.085075370502
0.242533970624 0.976981474087
0.787781082094 0.657023218460
0.400159120094 0.430169069208
0.535207122099 0.538394551259
0.479928764049 0.003701704089
0 24 0.178216940152  35 0.121299090052  36 0.174420717899  42 0.157160629457  43 0.128574588921  45 0.127338342907  54 0.128776913405  62 0.141071757850  69 0.175191879802  80 0.163511934365  -1 0
1 19 0.209700957910  20 0.176457650836  21 0.193057731971  37 0.020080294711  38 0.198010818523  46 0.139087320123  50 0.091442804420  58 0.215948852651  63 0.044418264543  64 0.109752859899  74 0.029273859367  75 0.142749078991  78 0.203330300768  86 0.213661841224  -1 0
2 5 0.075952900168  58 0.086668071353  59 0.137159945978  78 0.169590852532  82 0.129616740776  -1 0
3 5 0.097445456117  37 0.219976251189  50 0.218211468175  58 0.050792694647  59 0.131351926124  64 0.211587185035  71 0.225822853278  74 0.204908356305  78 0.145897674045  82 0.110111584715  -1 0
4 5 0.080838535569  41 0.118029460903  50 0.205856600862  58 0.187691200167  64 0.188891147279  78 0.073127526815  -1 0
5 35 0.183759353386  36 0.220895055199  39 0.222491572448  42 0.152078298023  43 0.187056350409  45 0.179520246572  52 0.217709774005  54 0.191560086286  62 0.193605476559  69 0.159515559983  80 0.221925049693  81 0.205393090337  -1 0
6 8 0.126323715570  11 0.113722589427  14 0.178257379762  16 0.164355818527  17 0.051860242833  26 0.182119110661  28 0.123916420214  34 0.225777137627  49 0.132259660730  53 0.139033887770  57 0.090949429431  70 0.161655822928  73 0.201487060311  79 0.160667714839  84 0.151342038256  85 0.097680786672  88 0.098118525912  -1 0
7 7 0.197142008748  20 0.166066332308  21 0.074997435076  29 0.133003332772  37 0.141915878633  38 0.090944839275  46 0.105625925304  50 0.192899075634  51 0.171949937413  56 0.130854493143  63 0.085577158994  64 0.212445113146  74 0.152385493724  75 0.140605422456  86 0.208107539409  -1 0
8 7 0.210912248844  8 0.205966643161  21 0.154063676691  29 0.054649934591  32 0.225099151051  38 0.086200153734  46 0.172060144546  51 0.036016986744  55 0.168261609976  56 0.047807919939  57 0.188099270747  66 0.080138736400  70 0.156578365015  75 0.204832992442  88 0.181350249877  -1 0
9 5 0.208920765635  33 0.159895061952  58 0.123149237228  59 0.045181632665  71 0.192902427574  82 0.082960046274  -1 0
0 1 0.106532324014 4 0.173157469203 12 0.060344361201 25 0.021786544106 27 0.191418746586 33 0.200944997347 46 0.215345922358 59 0.224958926715 71 0.085605476147 75 0.178240375360 82 0.213428385673 87 0.177671922598 89 0.164232084399 -1 0
1 4 0.095121043070 12 0.086610504622 14 0.212527633556 25 0.123713480968 26 0.185855046954 27 0.117256891792 46 0.177582035156 51 0.215220129417 70 0.210572070515 71 0.171629562440 73 0.195506769547 75 0.154580375761 77 0.178047589440 79 0.217905440795 87 0.169299903894 -1 0
2 22 0.111987251536 23 0.144241448866 39 0.092682904077 42 0.141103202229 52 0.095172462623 69 0.131229145400 81 0.161372516724 -1 0
3 6 0.218929158252 15 0.029369625070 19 0.108863034184 20 0.103835063497 30 0.189605990418 48 0.042321782121 65 0.105566428068 67 0.150914997475 72 0.216169121470 76 0.037186851835 86 0.061874208567 -1 0
4 12 0.176619122223 14 0.142122370041 25 0.194487166294 26 0.132395930831 27 0.022174708619 53 0.182162721925 61 0.227186344978 70 0.190771073308 73 0.120451010049 77 0.096844859352 79 0.154947637574 87 0.116996491341 -1 0
5 41 0.168381098237 58 0.148084701329 59 0.212952179388 78 0.133779697773 82 0.202025737677 -1 0
6 7 0.072646176449 20 0.207799913803 21 0.175864690065 22 0.220541028082 23 0.178158086207 30 0.029458238628 32 0.162570613036 36 0.126601142607 40 0.023732146179 54 0.227371514640 55 0.154246935652 62 0.148266363267 65 0.226955544636 67 0.226709831325 76 0.212215872447 86 0.211649011466 -1 0
7 20 0.214309453933 21 0.122860864212 24 0.215133125047 29 0.162796299160 30 0.090416173709 32 0.124914022519 36 0.176878492621 38 0.203936474273 40 0.061419486445 54 0.222813668379 55 0.093086040384 56 0.174996629812 62 0.184555622015 66 0.209129227928 -1 0
8 9 0.188730637125 16 0.099679338077 17 0.085601308048 18 0.201599933520 28 0.102138706255 34 0.116605393408 44 0.179298977095 51 0.220351298857 53 0.224129852599 57 0.087095025457 66 0.142460719242 68 0.215302849268 70 0.170531706584 85 0.223965578032 88 0.093970280427 -1 0
9 10 0.101948054966 16 0.090604032036 17 0.195750703131 18 0.088285560120 28 0.120044646761 34 0.118822917546 44 0.049922911427 47 0.144622573433 68 0.177377585423 83 0.171414030578 -1 0
10 16 0.169843581985 18 0.180667054794 28 0.173229819413 31 0.188915228332 34 0.219502678871 44 0.149203088322 47 0.072232912068 60 0.198893750721 83 0.227184578036 -1 0
11 14 0.108894677703 17 0.165549918631 26 0.138731687321 49 0.147615526760 53 0.074025810203 57 0.161579768326 61 0.136315670651 70 0.173466817495 73 0.128866872541 77 0.152606599180 79 0.104091434051 84 0.124435632340 85 0.065140215267 88 0.162377024770 -1 0
12 25 0.062055839121 27 0.197955779368 46 0.155010210011 71 0.088044553625 75 0.118273044323 82 0.216935973105 87 0.215992188631 89 0.222286566946 -1 0
13 87 0.221044277160 -1 0
14 17 0.221283131385 26 0.043174508628 27 0.131611699355 53 0.040563388925 57 0.166771692248 61 0.147183475337 70 0.117276961140 73 0.023275596973 77 0.049696719462 79 0.021726911130 85 0.172707095663 88 0.161355505677 -1 0
15 19 0.080854353710 20 0.100099481844 30 0.214423531350 48 0.059025326485 50 0.209588506433 64 0.210521637265 65 0.127981678896 67 0.175106197394 72 0.188799076298 76 0.038620303552 86 0.058451353899 -1 0
16 17 0.113067602628 18 0.129680074487 28 0.048649660494 34 0.082694706884 44 0.094930225916 47 0.178387676662 57 0.174772439413 66 0.227339976478 68 0.184113768228 88 0.183576730776 -1 0
17 26 0.217883820243 28 0.076263963594 34 0.174832420285 44 0.207987278728 47 0.217741977136 49 0.157102011904 53 0.184100556832 57 0.091287517433 66 0.218817095436 70 0.179477483028 79 0.201886282335 84 0.188177738190 85 0.144173588781 88 0.100755282457 -1 0
18 24 0.199623030642 28 0.175878822088 34 0.090145025256 43 0.215035937985 44 0.041493757770 45 0.204912399383 68 0.093663404701 80 0.188031428698 83 0.109409718762 -1 0
19 20 0.105702871381 37 0.199606534214 48 0.137348050185 50 0.140731147241 63 0.198829367328 64 0.137253845147 65 0.207052904587 72 0.141209296988 74 0.216653020397 76 0.092556203592 78 0.214326970198 86 0.088595215571 -1 0
20 21 0.167386132878 30 0.183832893575 37 0.176778504756 40 0.226079956521 48 0.146081178658 50 0.156383395035 63 0.145037758515 64 0.166284097798 65 0.202550328077 74 0.196599396305 76 0.066846454178 86 0.042558351729 -1 0
21 29 0.100852513094 30 0.175262758963 32 0.220718260043 37 0.209105937839 38 0.101647441506 40 0.176401043343 46 0.167006752357 51 0.168664646992 55 0.162939812100 56 0.106284206371 63 0.150347979768 66 0.199436485041 74 0.222276843694 75 0.205883926704 76 0.222338411111 86 0.203357582224 -1 0
22 23 0.054836244167 30 0.212675726729 36 0.165313207672 39 0.180889832005 42 0.162962017387 52 0.180842135004 62 0.201049264986 65 0.184184329908 67 0.139654948167 69 0.174236879062 -1 0
23 30 0.175900374984 36 0.110477074544 39 0.189192001985 40 0.186742220559 42 0.140873339251 52 0.187734016323 62 0.146658306032 65 0.202930829179 67 0.165704100697 69 0.160448245424 -1 0
24 32 0.094847133232 34 0.191645827514 35 0.057504125579 36 0.200520547081 40 0.212746645588 43 0.056671007666 45 0.080924318666 54 0.051197838826 55 0.154603113696 62 0.164612008829 68 0.105988856818 80 0.031825660980 83 0.218860244995 -1 0
25 27 0.212989953858 33 0.189198521584 46 0.213935131528 59 0.203645719210 71 0.064492656808 75 0.175390927341 82 0.191645842031 87 0.197413983495 89 0.160851643851 -1 0
26 27 0.128582594269 51 0.203595043849 53 0.064748641779 57 0.148411452569 61 0.190016123625 70 0.080665506400 73 0.048303678199 77 0.064761054346 79 0.035269957818 85 0.198150016914 88 0.141187769360 -1 0
27 53 0.172151140711 61 0.206296683839 70 0.194157269528 73 0.108895177402 77 0.083537845014 79 0.146759923045 87 0.111681460701 -1 0
28 34 0.129047147792 44 0.138259044388 47 0.161401839608 49 0.183149640990 57 0.155938191530 84 0.227086472666 85 0.200882030444 88 0.165452283908 -1 0
29 32 0.201221685503 38 0.065036423490 40 0.224173835691 46 0.163576602929 51 0.078513754945 55 0.139495314756 56 0.012880584555 63 0.218125092547 66 0.106187667761 70 0.210967446088 75 0.201620080535 -1 0
30 32 0.191214122321 36 0.143151081123 40 0.053044177046 48 0.204760672565 55 0.178585335317 62 0.169823871338 65 0.199992605673 67 0.203097455486 76 0.183895219019 86 0.184560443901 -1 0
31 47 0.139013641273 60 0.056778164703 -1 0
32 34 0.218352792141 35 0.127656063644 36 0.179967537664 40 0.138996844536 43 0.143921964264 45 0.172627034380 54 0.119199356721 55 0.062587819267 56 0.213447268881 62 0.159131224496 66 0.177284023592 68 0.172870773012 80 0.126616484924 -1 0
33 59 0.158850000239 71 0.185220808417 82 0.187410399582 89 0.080046232414 -1 0
34 44 0.083194189976 57 0.203645232659 66 0.191737060531 68 0.106445185379 80 0.194740175208 83 0.195461766975 88 0.210192019583 -1 0
35 36 0.167326391528 40 0.211955077417 43 0.030356336444 45 0.058977266078 54 0.008486621404 55 0.190202670545 62 0.127506764279 68 0.149490546432 80 0.052429082267 -1 0
36 40 0.120450208481 42 0.156566751960 43 0.197241265407 45 0.221993877011 54 0.165838305613 55 0.213417160326 62 0.040723779405 69 0.186071657533 80 0.214625640245 -1 0
37 38 0.217885798726 46 0.158212515150 50 0.073815341153 58 0.205189077671 63 0.058793630107 64 0.091335511717 74 0.019821014622 75 0.159573422778 78 0.183337383392 86 0.211646873138 -1 0
38 46 0.098617730231 51 0.081005104391 55 0.200545497100 56 0.055742577307 63 0.168974451584 66 0.161140648481 70 0.217381829632 74 0.222917977548 75 0.137126187835 -1 0
39 42 0.099525229544 52 0.004854499933 69 0.073203901261 81 0.070309276637 -1 0
40 54 0.205925000163 55 0.133919017458 62 0.136146792461 -1 0
41 72 0.225779024751 78 0.170829447570 -1 0
42 52 0.095154259619 62 0.159953340461 69 0.029916540265 81 0.133193926743 -1 0
43 45 0.030660818899 54 0.034465935870 55 0.206051073190 62 0.157135369310 68 0.127767286439 80 0.035007703157 83 0.204710515650 -1 0
44 47 0.194412182924 68 0.127456503680 80 0.224149450094 83 0.142359568424 -1 0
45 54 0.064452428585 62 0.181388697106 68 0.125359876102 80 0.051558656883 83 0.181066367544 -1 0
46 51 0.149623929700 56 0.153567217571 63 0.132041923768 71 0.204246574269 74 0.155232899387 75 0.040028045325 -1 0
47 49 0.200512033993 60 0.134092256789 -1 0
48 65 0.069705903072 67 0.117647799770 72 0.220060003001 76 0.079507241851 86 0.104192037837 -1 0
49 53 0.215895406113 57 0.223136702186 60 0.190179654387 84 0.051728338138 85 0.082475658225 -1 0
50 58 0.220578306544 63 0.109551023298 64 0.019690395466 72 0.224771400873 74 0.084880835749 76 0.199512576720 78 0.132927808688 86 0.179519307449 -1 0
51 55 0.203678213331 56 0.067440377994 57 0.187787701641 66 0.109938818668 70 0.139062261851 75 0.178558690771 88 0.179834115356 -1 0
52 69 0.068541131375 81 0.069357811976 -1 0
53 57 0.140062829616 61 0.150582074435 70 0.113995255047 73 0.063649475423 77 0.089961185137 79 0.030196562627 84 0.197997058110 85 0.135080697312 88 0.136405516741 -1 0
54 55 0.181756712432 62 0.126577616602 68 0.147101513931 80 0.050506338575 -1 0
55 56 0.151953036977 62 0.202416902088 66 0.135174949231 68 0.215131664691 80 0.186333215881 -1 0
56 63 0.215081573547 66 0.109055414763 70 0.202431239927 75 0.191029169646 -1 0
57 66 0.156765996711 70 0.091667149331 73 0.186489885058 77 0.209836180364 79 0.145091572728 85 0.176450300587 88 0.009620331913 -1 0
58 59 0.096462810087 64 0.218423160895 71 0.175066271581 74 0.187522278886 78 0.178370815952 82 0.065319664982 -1 0
59 71 0.150589255386 82 0.041121210665 89 0.217789322848 -1 0
60 84 0.224742894560 -1 0
61 73 0.146535132003 77 0.150060849131 79 0.162978647154 84 0.202847149609 85 0.179421829021 -1 0
62 69 0.189797191065 80 0.176181097230 -1 0
63 64 0.129241076698 74 0.073409534279 75 0.147971846849 76 0.210054401948 86 0.185401165126 -1 0
64 72 0.209754013653 74 0.100307337719 76 0.204018487396 78 0.115767972636 86 0.185553194480 -1 0
65 67 0.048312881732 76 0.140224943713 86 0.163944309991 -1 0
66 70 0.168527319117 88 0.153613156319 -1 0
67 76 0.183450194823 86 0.206062509832 -1 0
68 80 0.097062287462 83 0.138837668437 -1 0
69 81 0.103575241108 -1 0
70 73 0.128451940487 77 0.144801771663 79 0.098732647689 85 0.216452454346 88 0.082267452025 -1 0
71 74 0.220139381425 75 0.164306830125 82 0.131656623668 89 0.184748251518 -1 0
72 76 0.219097492126 78 0.209179816267 86 0.224098690723 -1 0
73 77 0.026421393440 79 0.042595801317 85 0.193490893982 87 0.210397833406 88 0.180502028391 -1 0
74 75 0.151711840104 78 0.180945475067 82 0.222632815595 -1 0
75 -1 0
76 86 0.024688965828 -1 0
77 79 0.068233636773 85 0.217629190779 87 0.184031821318 88 0.203366166872 -1 0
78 -1 0
79 85 0.165108351988 88 0.139630634231 -1 0
80 83 0.193458697551 -1 0
81 -1 0
82 -1 0
83 -1 0
84 85 0.066880296536 -1 0
85 88 0.180682493977 -1 0
86 -1 0
87 89 0.211315766304 -1 0
88 -1 0
89 -1 0
