0.115902862977 0.397485228255
0.713431648444 0.350314652547
0.169752759393 0.490741271991
0.984504651744 0.253627531696
0.579650244210 0.241165768821
0.872604901902 0.864532717969
0.704758059233 0.044499695767
0.196789436974 0.776639400516
0.651070579886 0.744576424360
0.910295533482 0.510680209380
0.632334727328 0.126872269437
0.972875644453 0.193360022269
0.558344675228 0.998442382552
0.189158345573 0.974667964038
0.881581174210 0.402296914719
0.865397565067 0.997484037187
0.799782143440 0.578829213511
0.347798689734 0.969534902833
0.069570485502 0.332303341478
0.223162434530 0.649220730178
0.573469110299 0.095767336432
0.513753448147 0.278227169532
0.140267032664 0.710542885587
0.054866570048 0.791337612551 
0.455119309947 0.965162103996
0.302017821930 0.087454037275
0.092034373432 0.274893466383
0.280814059544 0.650379048660
0.273335848935 0.469972405583
0.625047013164 0.154917023145
0.872269320302 0.490444578230
0.152401060332 0.672051463742
0.069273791742 0.500199750066
0.641586367041 0.138844277710
0.832503091544 0.864748801570
0.788065007888 0.405972201843
0.960516138468 0.301818456035
0.684199371375 0.100783171132
0.012361341622 0.739065941889
0.892120783683 0.467480651569
0.704228045885 0.194138606079
0.554934689309 0.796262419317
0.469032072462 0.835748748854
0.446641468443 0.742367921863
0.305721154436 0.071688481607
0.897284945007 0.177990475204
0.562133059837 0.049686005805
0.850041938946 0.631406851579
0.549885755870 0.491628305987
0.770251129288 0.382388847880
0.356377108023 0.558316137176
0.788361049723 0.316893246491
0.860134593677 0.472560421564
0.417676417623 0.872495935299
0.211626363453 0.309797201306
0.339976587333 0.915854409337
0.503935807385 0.894911276642
0.712116828654 0.972967880312
0.730660025496 0.158758297097
0.715335802175 0.036381180398
0.230446778703 0.612620747183
0.214371655602 0.792579838540
0.662306752987 0.064413594548
0.423986690585 0.212192509323
0.556041901000 0.194237819873
0.594581357203 0.912419009022
0.752553957514 0.382942406926
0.229312255513 0.612688551191
0.855502828490 0.646988673136
0.485184486490 0.067129191943
0.956785874441 0.825161073823
0.982983601280 0.460721682291
0.720072350465 0.695100430399
0.433689562604 0.450732376426
0.853858727496 0.149025364779
0.487113556825 0.084305506665
0.761646111961 0.701485212427
0.876885345206 0.423952865414
0.765898806974 0.300872035790
0.636145374738 0.321940707974
0.495109856129 0.230726731941
0.234359716997 0.247663813643
0.613669138867 0.463671972509
0.860352364834 0.469171967823
0.110660645645 0.345536851324
0.536301159766 0.067446520552
0.170697925612 0.519284761511
0.528168202844 0.890770276077
0.214385191910 0.961857765447
0.341502652504 0.068243919406
