0.923880388495 0.523253630381
0.153713924810 0.908514128998
0.894096165430 0.894360181410
0.282936042175 0.207340421621
0.126336280722 0.036576075014
0.697898578364 0.677110424265
0.227806680370 0.858453382738
0.230143213179 0.216268323362
0.892250778154 0.731398167554
0.736473956611 0.935920579825
0.353562914766 0.459371556062
0.817944088951 0.377273444552
0.035477623809 0.334247277118
0.083907438908 0.915443470236
0.774204759393 0.961893338244
0.750214524567 0.698085147887
0.485146968625 0.903928449377
0.606599277351 0.379243134521
0.798288630787 0.889535319526
0.586583556142 0.924624911509
0.926111394539 0.284482134506
0.601735336240 0.153918075375
0.142935517244 0.831878549419
0.370186398737 0.035186295398
0.563276717439 0.106660355348
0.971106875222 0.916839632206
0.566031911410 0.789050964639
0.294113076758 0.601509535685
0.123298241757 0.378020515665
0.516953005921 0.897503001150
0.339913853910 0.267167530954
0.595588149503 0.825060823001
0.171095980331 0.202187426854
0.204303957522 0.969384611584
0.091722746380 0.790887513664 
0.894009523094 0.017834140919
0.075369648635 0.495744859334
0.171752216294 0.218305165879
0.327623409219 0.541938615032
0.253491461743 0.890900126658
0.648598970380 0.224598336965
0.807739758864 0.214630882256
