0.962437452283 0.293872947805
0.446627975442 0.974726890214
0.756346883252 0.608783641364
0.634559578728 0.180136092938
0.208662671968 0.852764530107
0.866655684542 0.038138106931
0.791018111166 0.546256655827
0.477363395039 0.943225104827
0.199901596643 0.563467880711
0.559255209751 0.350329071749
0.372943379451 0.170660688542
0.666625454556 0.577836766373
0.057138870936 0.089928218629
0.337138609495 0.984269859269
0.560479529202 0.697492148727
0.529160063248 0.522916981485
0.991365096532 0.975788039155
0.497643871699 0.747711979784
0.584571680520 0.132203450892
0.927848073188 0.793234352488
0.984967980999 0.794503757730
0.831372459419 0.775986092631
0.340760413557 0.308735854458
0.719211197458 0.540662010200
0.872203735635 0.278466407210
0.890991081949 0.245147115085
0.449127095751 0.557616536971
0.822983881924 0.506265966687
0.647544755600 0.160122491419
0.490535825957 0.208024284802
0.857614640146 0.019695889670
0.730941266753 0.848979736678
0.995483928826 0.228585138451
0.596691716462 0.580055609345
0.360788589343 0.524539789651
0.373289961834 0.345756570809
0.319043547846 0.204662421253
0.121742663439 0.659803961404
0.513398275711 0.840953860898
0.200465972070 0.385602011345
0.119420268573 0.091457054019
0.630749126896 0.568547364324
0.649073590990 0.453733008821
0.074813331477 0.296618346591
0.613855500240 0.565349157434
0.504642631859 0.471470140386
0.585045047104 0.235583898611
0.320449877065 0.580528975930
0.464169037063 0.917141593527
0.160584585276 0.824957626872
0.441681383643 0.533874547109
0.170714197680 0.760724931490
0.738536968362 0.292456861120
0.420528892893 0.251935244538
0.133410722017 0.620994864963
0.637537255883 0.252830990590
0.712451919448 0.268286382779
0.821378355380 0.361525510438
0.722019391600 0.896191686857
0.658143857494 0.335874891840
0.461540844291 0.162786489353
0.807345032226 0.046585891861
0.398370387964 0.127794909291
0.627114867792 0.862539425027
0.044936503284 0.787699453533
0.687497051898 0.486617886927
0.321574000642 0.858211249579
0.247342818417 0.060110969469
0.150668110698 0.667871711310
0.312046214007 0.284078833181
0.288866576739 0.949583469890
0.536909823772 0.001318496186
0.217869853135 0.358288179152
0.362844006624 0.939889244735
0.254479866009 0.020987864118
0.275764137041 0.716020710766
0.183774353471 0.083109169267
0.762606602628 0.582144741435
0.210904079024 0.389721470419
0.444684166927 0.255840582307
0.177420923952 0.132181218825
0.742458469234 0.498994925059
0.990392468870 0.989801287651
0.559105894528 0.141060579568
0.657672998961 0.871152108535
0.425139412750 0.946539575700
0.820735578425 0.962049236987
0.947858071886 0.038605431560
0.320337416138 0.310702078976
0.978494676761 0.574817282613
