0.115902862977 0.397485228256
0.713431648449 0.350314652839
0.169752759393 0.490741271991
0.984504857620 0.253627571802
0.579650244557 0.241165768712
0.872604909374 0.864532718790
0.704758049169 0.044499688723
0.196789436971 0.776639400516
0.651070580242 0.744576423795
0.910295547273 0.510679797238
0.632334729582 0.126872267072
0.972875678675 0.193360053042
0.558344675713 0.998442384975
0.189158345546 0.974667963954
0.881581070991 0.402296995471
0.865397311689 0.997483897798
0.799782984705 0.578829408642
0.347798689666 0.969534902712
0.069570485496 0.332303341475
0.223162434536 0.649220730189
0.573469112860 0.095767335546
0.513753448376 0.278227169522
0.140267032661 0.710542885586
0.054866570045 0.791337612552
0.455119309989 0.965162104277
0.302017791455 0.087454025486
0.092034373432 0.274893466383
0.280814059541 0.650379048658
0.273335848939 0.469972405581
0.625047014183 0.154917023004
0.872269237735 0.490444661354
0.152401060309 0.672051463719
0.069273791743 0.500199750067
0.641586354353 0.138844286469
0.832503100265 0.864748802994
0.788065007958 0.405972202392
0.960517016340 0.301817799989
0.684199363681 0.100783176276
0.012361341368 0.739065941841
0.892120779180 0.467480657825
0.704228038812 0.194138610427
0.554934689194 0.796262419768
0.469032072480 0.835748748942
0.446641468210 0.742367921847
0.305721194227 0.071688497283
0.897284953402 0.177990466525
0.562133055179 0.049686007049
0.850043954177 0.631407576596
0.549885755770 0.491628305827
0.770251129410 0.382388850287
0.356377108021 0.558316137177
0.788361049835 0.316893247028
0.860134561363 0.472560469655
0.417676417571 0.872495935139
0.211626363450 0.309797201306
0.339976587332 0.915854409326
0.503935807466 0.894911276600
0.712116828472 0.972967869345
0.730660041971 0.158758301280
0.715335791987 0.036381158034
0.230446778711 0.612620747184
0.214371655503 0.792579838482
0.662306756188 0.064413578493
0.423986690639 0.212192509474
0.556041902082 0.194237818941
0.594581357442 0.912419006682
0.752553951510 0.382942411139
0.229312255513 0.612688551194
0.855502824082 0.646988700667
0.485184487548 0.067129192222
0.956788155499 0.825162375815
0.982983441480 0.460722186209
0.720072156088 0.695100007752
0.433689562582 0.450732376247
0.853858700421 0.149025333931
0.487113559903 0.084305504784
0.761646109342 0.701485220421
0.876885317160 0.423952907338
0.765898807217 0.300872036156
0.636145375224 0.321940707760
0.495109856494 0.230726731744
0.234359716996 0.247663813645
0.613669138790 0.463671972630
0.860352337995 0.469171909284
0.110660645642 0.345536851326
0.536301155184 0.067446521395
0.170697925614 0.519284761513
0.528168202752 0.890770275950
0.214385191891 0.961857765380
0.341502631707 0.068243936504
