0.999409756623 0.380911423359
0.499428930227 0.944866612088
0.166374225169 0.204170754645
0.150281983893 0.650336565915
0.102615615819 0.829612879548
0.691700783558 0.408441307489
0.475753264036 0.581473670434
0.497748002410 0.837517109700
0.934833650012 0.712669062428
0.069399653003 0.868269694969
0.814088941552 0.877759828698
0.156787388958 0.513552789111
0.743927197997 0.588141825050
0.620681397151 0.065592409577
0.269196025562 0.478309366852
0.571014831308 0.268605782185
0.859220790211 0.070443762001
0.213472394738 0.025595015846
0.274614516646 0.363754378632
0.675931581762 0.377230132930
0.193367258646 0.367632365786
0.785671440419 0.669120522682
0.949106036220 0.283419442829
0.506637632381 0.883939686231
0.996088505723 0.576037285849
0.752209381666 0.810177447274
0.453797114547 0.908996770624
0.323730236385 0.197724312544
0.497138596140 0.944411633536
0.263316722587 0.766334621701
0.422721000388 0.834331553895
0.034940404352 0.281941791065
0.904775315896 0.248412799090
0.307536806911 0.179389833007
0.612167177722 0.983468388673
0.556619965937 0.805534436367
0.351100754458 0.342291406356
0.474654959515 0.300206791144
0.625710849650 0.981292591896
0.184146477375 0.621799355373
0.557329877745 0.936355859041
0.431976802647 0.011126992293