0.610725279433 0.354136920999
0.008250891258 0.058327090006
0.154741746805 0.357096490660
0.703663826919 0.735933728054
0.899122779260 0.257424228361
0.420671013637 0.527478044868
0.840859455990 0.406464733186
0.513234843962 0.187228261026
0.234824924265 0.220849109368
0.471573727202 0.757450088367
0.417111817281 0.101807550061
0.207637767258 0.506868502118
0.829027830159 0.799031861120
0.807404091581 0.042707779907
0.558292013129 0.698050769038
0.186166694854 0.169017292561
0.052187689984 0.194417586529
0.227344382544 0.206929436429
0.551514077452 0.931008209514
0.942863164933 0.450636856723
0.188432437834 0.363534178588
0.978114901577 0.029291893823
0.769998911768 0.491349745542
0.216520154845 0.004823836076
0.712198854885 0.688093882522
0.762273924891 0.129310672172
0.789901432587 0.969911692216
0.636179174759 0.618929262739
0.768943553323 0.443583266341
0.661637043115 0.327235566452
0.141634035472 0.847803737651
0.496252859011 0.193821725437
0.042221324512 0.723597241593
0.400751161852 0.593735401980
0.654605451040 0.343614326790
0.044372259240 0.843037888899
0.707148505375 0.022487160749
0.872329783150 0.477147417140
0.513836906758 0.088849938009
0.481971253642 0.226035761647
0.776943820528 0.244245178532
0.355346434280 0.566845253569
