0.471441139468 0.296985512573
0.530973621190 0.949466703068
0.800682284869 0.118280894125
0.386819565988 0.080236301981
0.991290620360 0.323976633666
0.230449914581 0.855588168869
0.498749983604 0.493758928185
0.011170162038 0.905586256918
0.302831172495 0.385878641620
0.424796971824 0.378474732368
0.433226209137 0.298271857198
0.613200074611 0.953055747588
0.446795623771 0.233388324270
0.188720407240 0.992355768757
0.812928734814 0.131457061975
0.852375546030 0.284369874777
0.428442574569 0.383349702238
0.233836730001 0.229124859560
0.501630596707 0.620656298184
0.309361161999 0.492921249257
0.944632853977 0.539811019034
0.348509437695 0.443382915773
0.033569979894 0.359679594127
0.348969275601 0.336401151958
0.745557216647 0.773766779208
0.714875884354 0.178784443997
0.072038105483 0.328077207635
0.131839083327 0.518833732292
0.561465532980 0.320559527263
0.511189562735 0.374394268263
0.452016589199 0.363565108793
0.658763520518 0.880460121769
0.746914601148 0.892602070200
0.109584024916 0.248545408945
0.513257169612 0.418945185844
0.741466657257 0.457890101715
0.958756242213 0.089976095280
0.901274364067 0.992331642572
0.449655687437 0.250242292877
0.328727368194 0.195213921844
0.024008542772 0.043603255309
0.373998366787 0.096046645243
0.371680462566 0.505837452911
0.614879210704 0.933146055246
0.826396981254 0.126069936902
0.307540263498 0.278413570477
0.489634353012 0.966304225706
0.158872734177 0.236549857816
0.858905279455 0.268456758577
0.485095265310 0.372162449173
0.687401944306 0.226561922581
0.830052554372 0.646158175318
0.316538015832 0.731325568823
0.638484218692 0.766194240939
0.981567546572 0.967211879792
0.961407626633 0.005576407617
0.010815019134 0.335405995280
0.101623048286 0.382495475888
0.841243561722 0.716503139710
0.315641476532 0.667640427698
0.842573361527 0.623181729910
0.946054001186 0.332208405949
0.589486146348 0.104926734695
0.568758263246 0.448391425874
0.373383493140 0.053853529491
0.820553875556 0.060785437506
0.280415454484 0.650606428240
0.706943617741 0.596953467347
0.381931994979 0.345428016015
0.363147173993 0.363499857021
0.312639782296 0.324554801968
0.369076259438 0.323454801027
0.659960796052 0.470699307414
0.705950282171 0.501204244041
0.187202729839 0.021591758202
0.168844673821 0.029776090260
0.644773498177 0.114898674193
0.361984495072 0.234259644656
0.219825401937 0.930742768643
0.682651075799 0.593208907567
0.984596311133 0.503204934562
0.653994339983 0.265011738986
0.153811373506 0.360937959726
0.861965207626 0.535743368560
0.706365975085 0.225112382326
0.899243225335 0.019005757304
0.549667184223 0.268319484778
0.342460558732 0.209627980375
0.739018792285 0.048410840792
0.710831776776 0.926222104211
