0.257041760733 0.795928040114
0.186647161841 0.411772734951
0.529025161172 0.367955016430
0.541289228017 0.759209961130
0.114805893507 0.204503577202
0.614497311413 0.141659540590
0.474966115783 0.298590185122
0.727607032282 0.138159811030
0.913831335515 0.918403866920
0.330737635447 0.645308683079
0.604726964077 0.632167844166
0.966776805350 0.053588417674
0.636621012143 0.115139882488
0.189315140730 0.759439290037
0.630583064219 0.765480066265
0.039637933188 0.887624824636
0.561408106302 0.226285094495
0.299397560302 0.090433267877
0.594240111638 0.840686789203
0.849643229045 0.709046004816
0.045190365983 0.464140540927
0.850705545756 0.520156481769
0.762730724849 0.578312578064
0.658316292794 0.676562058276
0.496716447080 0.989053930006
0.321870741435 0.101443408057
0.621221772370 0.288647547395
0.155031825881 0.257842784747
0.403787430374 0.344346967059
0.017282074778 0.034370494543
0.109827033243 0.056920007800
0.921995319660 0.671235139441
0.283205102197 0.221392880660
0.761668407348 0.877445213484
0.062079668980 0.611311636864
0.586491218631 0.107270035003
0.075452177800 0.437196764612
0.627426516740 0.838182903817
0.015509342775 0.285742809533
0.514744962085 0.512225787141
0.274796737844 0.836615703731
0.613669195574 0.896018510051
0.125263250776 0.768701021849
0.153861294968 0.529050681278
0.113047988620 0.171143370216
0.563421176279 0.222875021860
0.228063378020 0.485416496175
0.894110161536 0.511268478947
0.706809376823 0.655778569178
0.388713694224 0.768889046288
0.267090204813 0.975204912524
0.876159080169 0.342542383272
0.412401677584 0.503585598511
0.180725287647 0.427911020350
0.789328407847 0.695470249722
0.940136807048 0.064125146094
0.532085953187 0.553806003309
0.960143656598 0.657349202245
0.322507024743 0.114004951902
0.186399885921 0.435555013364
0.285148322033 0.749821062207
0.658430035111 0.513211700103
0.235237558379 0.552540196565
0.024480181190 0.942046935597
0.208318765741 0.413193874527
0.710935981926 0.475408971784
0.388398787472 0.587095063172
0.817951355711 0.800800464959
0.090680661615 0.998676643185
0.228711485902 0.880009069908
0.694146893015 0.168848293424
0.944134216018 0.226232846138
0.722654297612 0.904277872159
0.883582050417 0.045161320703
0.018282824666 0.069981936846
0.480716334655 0.303431146777
0.819802999138 0.139146369496
0.816642846564 0.055040557300
0.691686566858 0.841123027707
0.997087495256 0.900005328839
0.254316902268 0.708023475003
0.375414304837 0.642715690306
0.295118538662 0.193365660496
0.443516155245 0.385799200321
0.192042304219 0.672227641115
0.265808270386 0.886189197119
0.841075934580 0.209942485932
0.112422043927 0.563730231490
0.114220360174 0.996004092619
0.608891553231 0.132503184497
