0.637460756581 0.272550342605
0.644949120004 0.054811532609
0.931222171057 0.579653943889
0.202593393624 0.928979219403
0.245451522991 0.753723000642
0.399086148478 0.631564706098
0.771058418322 0.328823926393
0.630679057445 0.692507906351
0.465523570310 0.695981394034
0.623615888413 0.413601122331
0.108521000948 0.198783091269
0.559860451147 0.965207452420
0.075678480789 0.709555988200
0.975413074717 0.664664200973
0.696918196976 0.224709451664
0.725096182432 0.334378954023
0.497259794269 0.370045302436
0.389190486632 0.428481965791
0.949699246790 0.591783880256
0.357461185195 0.195150769781
0.345506881364 0.756547333673
0.826715475880 0.116565299686
0.085371260066 0.457394533325
0.809073206503 0.550894830842
0.153375927359 0.432689094916
0.964495953172 0.261896928772
0.631472186185 0.524356404319
0.227104381192 0.707150666974
0.233912392519 0.202517455909
0.371814867947 0.930830589961
0.427226907574 0.096911050845
0.265209543984 0.924486701842
0.466956353281 0.654400030617
0.352968667634 0.416655600071
0.246183910873 0.710429852828
0.611806369852 0.591690792236
0.466977186501 0.438521846198
0.708256092388 0.552348447032
0.895916379523 0.517329298891
0.103243277874 0.049292307347
0.950018393807 0.067739231046
0.311189236119 0.581490579993
