0.000000
1.000000
90
10
0.227500
0.000000
0.720194249414 0.674152115826
0.234441514593 0.503140595276
0.478711363394 0.113832901232
0.802128334995 0.290168321691
0.435831566341 0.885609381367
0.358538927976 0.242637712974
0.329807942268 0.305143757723
0.999789142981 0.885681409389
0.421237777919 0.430708368775
0.812832473312 0.017853423487
0 1 0.117192965913  2 0.195213314705  13 0.202502543402  27 0.025602088515  33 0.176914735334  47 0.226435971861  48 0.117210825503  49 0.110530730213  65 0.196102580134  68 0.168864961873  72 0.197801112142  75 0.032136996210  78 0.079774483111  80 0.209592678959  82 0.212213316911  85 0.145073597248  87 0.073237183166  -1 0
1 11 0.174541743854  16 0.048565456703  35 0.219106132254  46 0.200655104013  52 0.188538439026  53 0.101959017463  61 0.142900739879  73 0.059511855866  77 0.082744950877  -1 0
2 4 0.144745551800  10 0.165466326590  12 0.133227884752  20 0.202007818767  21 0.216235889308  22 0.208349660230  30 0.210936827572  37 0.096605020474  38 0.098969332220  63 0.090441889331  64 0.000920312308  74 0.226287511810  79 0.141556695331  83 0.180554192752  84 0.219766852032  88 0.065183052258  -1 0
3 6 0.136292138297  7 0.194433420284  15 0.024389925795  21 0.154258878572  24 0.043233251882  25 0.203846215951  30 0.164670193373  54 0.055589866506  55 0.092833139945  58 0.216833450094  67 0.167068515200  71 0.062123118584  80 0.194474779068  -1 0
4 13 0.155922594523  23 0.162872439119  26 0.135194228246  29 0.179333609553  40 0.019585345900  43 0.114330784143  44 0.172668684563  60 0.168361563906  62 0.042614285578  72 0.203921822996  89 0.225765869102  -1 0
5 4 0.058135481344  10 0.198875842285  12 0.090129752312  20 0.187102331283  22 0.105362938841  35 0.112295351621  37 0.201528775974  38 0.099320893853  50 0.180783756220  63 0.118281472738  64 0.176722230583  74 0.050140247139  79 0.193096925095  83 0.004667649884  84 0.146632486056  -1 0
6 4 0.105859673196  8 0.199262765926  12 0.153855131514  16 0.184226171614  22 0.103946437841  28 0.206766763154  35 0.076089230966  38 0.167618589481  50 0.214647065442  63 0.186473116513  74 0.025417945677  77 0.165424219122  83 0.065192329108  84 0.146563925556  -1 0
7 31 0.043255685391  42 0.153479105788  47 0.170970431833  65 0.196448445878  81 0.080078365986  -1 0
8 4 0.186170588958  7 0.221251289381  8 0.054506885710  14 0.178625901961  16 0.151991976160  22 0.114201952867  35 0.086042381953  73 0.207925718415  74 0.178562368260  77 0.207629520553  82 0.220080922476  83 0.197601658875  84 0.110376185890  -1 0
9 3 0.207041047652  21 0.226934634816  25 0.069276492469  32 0.086862062711  36 0.083647332516  54 0.225944736199  71 0.216046456252  -1 0
0 1 0.134468620912 9 0.011980141730 13 0.206292545880 23 0.089252669721 33 0.082895523129 42 0.197999847678 45 0.026073050605 47 0.152335021703 49 0.142689192758 68 0.092425159536 72 0.083579270906 -1 0
1 2 0.219557768149 9 0.122637106654 13 0.149158693065 23 0.152506689790 27 0.117997862805 33 0.072718965497 45 0.120639664683 47 0.161731298326 49 0.032039455925 68 0.068286340419 72 0.085428680407 75 0.104457608383 78 0.195730604626 87 0.160433897826 -1 0
2 8 0.206539910025 13 0.131775812373 27 0.220535679835 29 0.098026811761 48 0.206060536712 60 0.179351557491 75 0.222205486058 82 0.018643790919 -1 0
3 25 0.170406849371 54 0.180399958450 71 0.178668901460 -1 0
4 8 0.205821491096 10 0.217444854537 12 0.112671454768 14 0.200656924151 20 0.219232671430 22 0.074361361797 30 0.227059594745 35 0.108500463271 37 0.148367862790 38 0.102410362045 50 0.226723504568 63 0.119262995368 64 0.145502350184 74 0.098055253317 79 0.135176532266 83 0.062259885382 84 0.105617225993 88 0.208264359873 -1 0
5 10 0.220913136743 12 0.225608863746 18 0.100456186166 20 0.167639131501 28 0.150848973042 39 0.040224600048 50 0.106887588434 57 0.151032903928 59 0.113705955466 66 0.134886886921 -1 0
6 15 0.157869534885 19 0.181670531848 24 0.176644330797 54 0.146454823341 55 0.227372867340 58 0.110849759254 69 0.212007878951 71 0.156691768837 85 0.226958279864 -1 0
7 8 0.171354896378 14 0.070032871421 15 0.197950837769 21 0.201167032781 22 0.221963155619 24 0.164022351668 30 0.152243614702 48 0.176573563907 55 0.152713681704 67 0.048237933525 79 0.184775719714 80 0.101530044397 84 0.178236736736 -1 0
8 14 0.138858197096 16 0.200392643168 22 0.131687218504 35 0.124147839814 67 0.214161681973 74 0.220271790220 79 0.220709768241 82 0.192669648342 84 0.108568581662 -1 0
9 13 0.199633795801 23 0.090456402337 33 0.071712346832 42 0.199300181134 45 0.019435869318 47 0.146656195532 49 0.130744356759 68 0.081215338649 72 0.075813760863 75 0.220577470735 -1 0
10 12 0.109212419305 18 0.204280229790 20 0.053547995106 38 0.116243858374 50 0.118660475046 63 0.102892363290 64 0.164959737821 66 0.100124140675 83 0.200377521219 88 0.162109487163 -1 0
11 16 0.215583433149 17 0.176920398065 34 0.085506717044 41 0.131469502382 46 0.026533507117 52 0.040391618948 53 0.089062000520 61 0.153199369442 70 0.075890046026 73 0.143789108651 86 0.128887465691 89 0.171716997343 -1 0
12 20 0.106833575066 22 0.183535349026 35 0.201271130183 37 0.200269062643 38 0.034652168239 50 0.126364470619 63 0.045249385749 64 0.133352941296 66 0.162250054390 74 0.129976718873 79 0.216498538381 83 0.092013187166 84 0.218223219590 88 0.172703733523 -1 0
13 23 0.145454138508 27 0.220560014584 29 0.109833038488 33 0.200456464187 40 0.172863636676 45 0.212089900107 49 0.180664622778 60 0.176812092265 62 0.197924625783 68 0.201694216721 72 0.124228915969 75 0.213610791470 82 0.144842064600 -1 0
14 15 0.224539317420 21 0.182186239371 22 0.155396334224 24 0.189593993665 30 0.126073540821 35 0.192383845201 37 0.179998685064 55 0.159364318992 67 0.116465439059 79 0.124960731329 80 0.171396365457 84 0.112190567463 -1 0
15 21 0.132634808188 24 0.035066768073 25 0.183923035282 30 0.148574142166 36 0.205249950970 54 0.048572447491 55 0.077362394265 67 0.175909974164 71 0.051175282393 80 0.209424636945 -1 0
16 22 0.226219340798 35 0.173729896717 52 0.223776897207 53 0.149536879757 61 0.189200961780 73 0.079114804379 74 0.207266001028 77 0.087314066483 -1 0
17 34 0.132644436402 41 0.180258531857 46 0.151616941074 51 0.188121117234 52 0.175240611982 56 0.166272924206 70 0.117125799595 76 0.054926776590 86 0.172533551301 89 0.165052165839 -1 0
18 20 0.161393930678 39 0.114388774951 50 0.132701695438 57 0.098169688035 59 0.179179265589 66 0.104559995836 -1 0
19 58 0.073217912362 65 0.172271737507 69 0.040636622753 78 0.199577930059 85 0.138695311065 87 0.196600948951 -1 0
20 38 0.128422151777 39 0.207229372446 50 0.065642474875 63 0.122111279925 64 0.201676222054 66 0.058773652443 74 0.212440867891 83 0.187369489595 88 0.210016121134 -1 0
21 24 0.118222789751 25 0.180444863991 30 0.056473437712 32 0.174449284171 36 0.148415104848 37 0.128961801869 54 0.160378745997 55 0.073208331096 64 0.216735876759 67 0.211088929106 71 0.153960871382 79 0.130565781356 -1 0
22 30 0.222558415089 35 0.053264325957 37 0.180698255636 38 0.176610466680 63 0.193623150107 64 0.209202952701 74 0.113974688407 79 0.143978112108 83 0.106895057038 84 0.043732183497 -1 0
23 33 0.142280654154 40 0.165357168747 43 0.177664063576 45 0.109631894270 49 0.176239354954 62 0.184836250383 68 0.149966313152 72 0.067125695511 -1 0
24 25 0.206435813091 30 0.122116528955 36 0.216873679391 54 0.083568193789 55 0.050730074215 67 0.145371812491 71 0.085383054782 79 0.213568485289 80 0.184851895172 -1 0
25 32 0.105733077656 36 0.074184161763 54 0.156672089084 55 0.205258892722 71 0.146772383331 -1 0
26 40 0.120652658663 43 0.117712485060 44 0.097730841579 51 0.196387435954 56 0.185045355989 62 0.095671016538 89 0.190618862463 -1 0
27 33 0.169424405217 47 0.208312409501 48 0.128568778639 49 0.104453843316 65 0.170803858635 68 0.160723161303 72 0.202177454545 75 0.014610133415 78 0.080039516633 80 0.219548887776 85 0.138864510899 87 0.051810046138 -1 0
28 39 0.147661188799 50 0.203430027866 59 0.143952589707 74 0.201613785518 77 0.162532509242 -1 0
29 40 0.198836105566 60 0.086307623504 62 0.218310479684 82 0.095549382465 -1 0
30 36 0.204427572173 37 0.114777017497 54 0.187889943953 55 0.071863138042 64 0.211620924858 67 0.170799147780 71 0.184063104810 79 0.092748065415 84 0.191648764330 -1 0
31 42 0.114028055559 47 0.154807613373 65 0.221596678864 81 0.038302174778 -1 0
32 36 0.040406173834 71 0.224346577680 -1 0
33 42 0.193901014168 45 0.060287010957 47 0.103894493406 49 0.066408556123 68 0.009533255445 72 0.090508534153 75 0.154814437410 87 0.198641417003 -1 0
34 41 0.185384218825 46 0.076792590659 52 0.114476379428 53 0.136662935078 61 0.158590218856 70 0.024871143739 73 0.220629552441 76 0.171785503235 86 0.057317129945 89 0.207721984009 -1 0
35 38 0.203114351206 63 0.221610753089 74 0.096135179657 77 0.191873836763 79 0.197167283017 83 0.111568964957 84 0.084022108667 -1 0
36 37 0.225461820330 54 0.194430458097 55 0.197856458364 71 0.183955094122 -1 0
37 38 0.167468612010 55 0.183830753657 63 0.168203785940 64 0.097331757981 79 0.056053984477 83 0.206143865493 84 0.172126372476 88 0.142848855702 -1 0
38 50 0.157997796537 63 0.018992661078 64 0.099136643671 66 0.186469772925 74 0.146088124970 79 0.187992070241 83 0.102548716744 84 0.206267956413 88 0.142741633013 -1 0
39 50 0.147110111151 57 0.135378948077 59 0.075214929534 66 0.170904968965 -1 0
40 43 0.095695380121 44 0.168177486282 60 0.184910316468 62 0.025303545228 72 0.211620654710 -1 0
41 44 0.140884201159 46 0.117674317640 52 0.092199183401 53 0.208493503586 56 0.200362569340 60 0.143761543794 70 0.162172030790 73 0.206233936164 89 0.053159348949 -1 0
42 45 0.182341394334 47 0.113489759478 68 0.195958828915 81 0.076088866248 -1 0
43 44 0.206921039938 62 0.084446513177 -1 0
44 51 0.150248666439 56 0.124313799503 60 0.201368489644 62 0.150671171064 89 0.094996391750 -1 0
45 47 0.127357798307 49 0.123953004927 68 0.069721677025 72 0.087937443464 75 0.213695914856 -1 0
46 52 0.037756995024 53 0.114915111427 61 0.174298467884 70 0.060462495840 73 0.167400777472 76 0.203602645825 86 0.128257779960 89 0.152455856252 -1 0
47 49 0.137610149602 65 0.183416418261 68 0.101501927455 72 0.193000115400 75 0.195792655928 81 0.135516349482 87 0.212586907500 -1 0
48 58 0.222484093513 67 0.149273366897 75 0.142468217673 78 0.061830806635 80 0.092435648773 82 0.216208908142 85 0.093142482553 87 0.131142063930 -1 0
49 65 0.204022412013 68 0.058621926482 72 0.110482860465 75 0.089926535492 78 0.184438764280 87 0.139768364721 -1 0
50 57 0.223864174294 59 0.219187516378 63 0.159228728851 66 0.066943743725 74 0.190505215086 83 0.179404468728 -1 0
51 56 0.034690306382 76 0.188778172931 89 0.183677194431 -1 0
52 53 0.119082447308 60 0.193952807447 61 0.190658158171 70 0.097754544634 73 0.146380418265 86 0.164423926668 89 0.136020694576 -1 0
53 61 0.082214481805 70 0.142571816346 73 0.101319288357 77 0.156461100142 86 0.146752135417 -1 0
54 55 0.120106607836 67 0.221765174967 71 0.010485726258 -1 0
55 67 0.149613317184 71 0.118047637968 79 0.164169173015 80 0.201164121719 -1 0
56 76 0.176051531251 89 0.149218125519 -1 0
57 59 0.161182900331 66 0.202717653074 -1 0
58 69 0.109188561225 78 0.210543257543 80 0.204948909139 85 0.142448037215 -1 0
59 -1 0
60 62 0.195946952185 73 0.206489410488 82 0.172121239598 89 0.172621738615 -1 0
61 70 0.175598455241 73 0.169888261543 77 0.153580420212 86 0.136356824018 -1 0
62 89 0.219136435436 -1 0
63 64 0.090445308892 66 0.180841667594 74 0.164698095927 79 0.194050258456 83 0.121466250383 84 0.221657762922 88 0.127616657335 -1 0
64 74 0.226854116031 79 0.142413081737 83 0.181110671414 84 0.220671150438 88 0.064314511321 -1 0
65 68 0.224524355990 69 0.159761608352 75 0.170616301333 78 0.189054508007 85 0.182929293232 87 0.129064848451 -1 0
66 -1 0
67 71 0.226479727311 78 0.205003824972 79 0.221263032449 80 0.061620055744 84 0.226321093236 85 0.192423790172 -1 0
68 72 0.095754731066 75 0.146119397519 87 0.189261891719 -1 0
69 78 0.225916544044 85 0.170538187351 87 0.211308915635 -1 0
70 73 0.217663875117 76 0.161497414843 86 0.082052560008 89 0.182980802149 -1 0
71 -1 0
72 75 0.189165329091 -1 0
73 77 0.141937041366 -1 0
74 77 0.181245592081 83 0.045824751191 84 0.157660056480 -1 0
75 78 0.094634376138 85 0.152542353413 87 0.059997616562 -1 0
76 86 0.199714008445 89 0.212210213334 -1 0
77 83 0.227057825701 -1 0
78 80 0.144422155298 85 0.068131349189 87 0.069888624249 -1 0
79 83 0.197342015137 84 0.125420312879 88 0.195634213871 -1 0
80 85 0.132338034674 87 0.212780046604 -1 0
81 -1 0
82 -1 0
83 84 0.148639104487 -1 0
84 -1 0
85 87 0.105208098989 -1 0
86 -1 0
87 -1 0
88 -1 0
89 -1 0
