0.261266492074 0.986338553991
0.105905087039 0.674314599579
0.350280546456 0.996574548395
0.694207501131 0.529619706330
0.373212183501 0.283920605918
0.146968185298 0.984420585989
0.793192915155 0.966271529906
0.658331716435 0.395818511027
0.594466859475 0.647903927602
0.915914854966 0.482218576130
0.926674852146 0.580212666655
0.125668317266 0.664129118796
0.555756369146 0.735708340537
0.206707865847 0.078954154771
0.402320675592 0.757421706331
0.929582639131 0.663587187882
0.743760240469 0.035487707056
0.337901776464 0.094040813167
0.032061989673 0.032109269182
0.623660521554 0.405274153684
0.316029908666 0.770628724366
0.389694765201 0.109222823741
0.736900249911 0.048026479092
0.505041335207 0.331367113488
0.695930409246 0.420956190208
0.813585690222 0.622605261860
0.001168477389 0.939254117612
0.286734380201 0.556925226070
0.674962348303 0.493442244827
0.635879381942 0.077283023509
0.250863951471 0.565462020418
0.740870212217 0.994624195652
0.600949742296 0.078772014053
0.088665008931 0.633011710340
0.110881314122 0.712325532819
0.038285853977 0.426911217534
0.482954256749 0.427980631156
0.536134050231 0.219854511297
0.476007113178 0.041175385510
0.551221625013 0.171937522447
0.462131575677 0.364807315174
0.794542784339 0.463300433008
0.304061322567 0.081277164779
0.020225656495 0.979023564603
0.574719409921 0.656105040106
0.056306772974 0.825583283232
0.221567068534 0.797176893292
0.820207557641 0.822516802699
0.875948921796 0.908872568524
0.455528483863 0.986830200877
0.621198101435 0.493814381304
0.413741465609 0.104152359086
0.921795012980 0.949875515556
0.324006869016 0.397802126087
0.991050900820 0.875228494515
0.569739648607 0.453182477039
0.240035809990 0.364282433503
0.916482910048 0.544097132981
0.445559598763 0.936708568656
0.523120802559 0.020279003591
0.592813609628 0.579427499786
0.845862370444 0.814380669963
0.376604407136 0.666069928087
0.636897473159 0.252553328908
0.574942496998 0.092425987886
0.239383589092 0.196140606369
0.586240369829 0.653125033714
0.300292956639 0.508035382727
0.603000549134 0.624299826100
0.905837508850 0.594051450491
0.499528320968 0.475577157920
0.047233989254 0.739564109908
0.839859591337 0.963716837581
0.283661264293 0.285419189733
0.900425406639 0.806782069151
0.305698198440 0.493239016333
0.386209568923 0.151560568718
0.307619687125 0.762813975826
0.817630496865 0.944517159871
0.015367309110 0.392572997135
0.036943128244 0.254750833171
0.588713591919 0.623183518185
0.907875907171 0.889006548578
0.131218901403 0.510876457184
0.513306375109 0.037056410236
0.104927895113 0.012834728026
0.512633567833 0.152161834816
0.752398827578 0.352493159474
0.115878669389 0.036060125804
0.637912349001 0.016304077954
